2032
0 27 -0.192807
0 28 0.007040
0 29 0.084990
0 30 -0.723633
0 31 -1.263160
0 32 -0.362238
0 33 0.073413
0 34 -0.134287
0 35 -0.212186
0 36 -0.269084
0 37 0.055496
0 38 -1.100531
0 39 -0.165744
0 40 0.004591
0 41 -0.363930
0 42 -0.765605
0 43 -1.586848
0 44 -0.226949
0 45 -1.180827
0 46 0.139104
0 47 -0.029336
0 48 0.018909
0 49 -0.153806
0 50 -0.040694
0 51 -0.190284
0 52 0.099697
0 53 -0.230909
0 54 0.408935
0 55 -0.164939
0 56 2.294974
0 57 0.141385
0 58 -0.252628
0 59 0.221586
0 60 -0.459937
0 61 0.047394
1 27 0.066355
1 28 0.111382
1 29 0.188630
1 30 0.328322
1 31 1.065021
1 32 0.425084
1 33 0.224749
1 34 -0.837458
1 35 -0.247373
1 36 0.332903
1 37 -0.423781
1 38 1.077986
1 39 0.582961
1 40 0.063663
1 41 0.189400
1 42 0.684951
1 43 1.230058
1 44 0.036907
1 45 0.043492
1 46 0.110699
1 47 0.799395
1 48 0.266153
1 49 0.808163
1 50 -0.079053
1 51 0.059648
1 52 -0.505151
1 53 0.273858
1 54 -0.883812
1 55 0.012818
1 56 -0.751486
1 57 -0.119437
1 58 0.369830
1 59 -0.074043
1 60 -0.178414
1 61 0.524482
2 27 -0.367997
2 28 0.105598
2 29 0.221051
2 30 0.013473
2 31 -0.412513
2 32 -0.479505
2 33 -0.411437
2 34 1.245023
2 35 -0.157870
2 36 0.077207
2 37 -0.304139
2 38 -1.041122
2 39 0.278839
2 40 -0.015472
2 41 0.045672
2 42 -0.181562
2 43 -1.312267
2 44 -0.060699
2 45 0.019450
2 46 -0.227338
2 47 0.170214
2 48 0.063307
2 49 0.272182
2 50 -0.036855
2 51 -0.129672
2 52 0.356935
2 53 0.231857
2 54 -0.764107
2 55 -0.215665
2 56 1.740393
2 57 -0.205303
2 58 0.184704
2 59 -0.130124
2 60 0.368810
2 61 0.081301
3 27 0.326211
3 28 -0.089116
3 29 0.120598
3 30 -1.289412
3 31 0.280704
3 32 0.413577
3 33 0.420373
3 34 -0.009278
3 35 0.093883
3 36 0.344662
3 37 0.637645
3 38 0.693550
3 39 0.379830
3 40 -0.074372
3 41 -0.303910
3 42 0.839588
3 43 0.931167
3 44 -0.952542
3 45 -0.463049
3 46 0.022330
3 47 -0.174780
3 48 0.115556
3 49 0.582373
3 50 -0.071553
3 51 0.135245
3 52 1.131759
3 53 0.311309
3 54 0.316278
3 55 0.551152
3 56 -1.147673
3 57 -0.768094
3 58 0.219476
3 59 0.566441
3 60 0.089789
3 61 -0.289662
4 27 -0.470034
4 28 0.118170
4 29 0.079511
4 30 -0.354336
4 31 1.146451
4 32 0.096472
4 33 -0.170075
4 34 0.449136
4 35 0.440713
4 36 0.129208
4 37 0.087323
4 38 -0.608548
4 39 0.250971
4 40 -0.050516
4 41 -0.139632
4 42 1.292489
4 43 -0.751298
4 44 0.446898
4 45 -0.517850
4 46 -0.059992
4 47 0.376676
4 48 0.063202
4 49 1.178647
4 50 -0.042300
4 51 -0.124365
4 52 -0.417061
4 53 0.193859
4 54 -1.269906
4 55 1.382987
4 56 -1.464299
4 57 -0.494599
4 58 0.230941
4 59 -0.076693
4 60 0.348299
4 61 0.099926
5 27 0.200604
5 28 -0.027022
5 29 -0.001693
5 30 -0.207745
5 31 0.204455
5 32 0.069569
5 33 -0.489056
5 34 0.530643
5 35 -0.438514
5 36 0.014793
5 37 0.007638
5 38 -0.020158
5 39 -0.305696
5 40 -0.005897
5 41 -0.065052
5 42 -0.163487
5 43 0.049939
5 44 -0.513317
5 45 -0.008978
5 46 -0.110256
5 47 -1.079901
5 48 -0.237814
5 49 0.020456
5 50 -0.021560
5 51 -0.065750
5 52 -0.228549
5 53 -0.184915
5 54 -0.175061
5 55 -0.885238
5 56 1.866159
5 57 0.061275
5 58 -0.213871
5 59 -0.243827
5 60 0.127824
5 61 -0.385291
6 27 -0.026708
6 28 0.230600
6 29 -0.486887
6 30 -0.590502
6 31 0.422582
6 32 0.386124
6 33 0.074441
6 34 1.057618
6 35 -0.078507
6 36 0.217558
6 37 -0.142528
6 38 0.155387
6 39 0.030855
6 40 -0.234069
6 41 0.086631
6 42 0.752672
6 43 0.181317
6 44 -0.143590
6 45 0.110636
6 46 -0.146377
6 47 -0.140077
6 48 0.083445
6 49 0.539329
6 50 -0.030696
6 51 0.070312
6 52 -0.399898
6 53 0.085224
6 54 0.216202
6 55 -0.516862
6 56 -0.022722
6 57 0.102733
6 58 0.014732
6 59 -0.390262
6 60 0.679945
6 61 0.101665
7 27 -0.029761
7 28 0.010199
7 29 -0.032416
7 30 -0.019243
7 31 -0.001142
7 32 -0.081581
7 33 -0.414486
7 34 0.171682
7 35 -0.003619
7 36 0.046382
7 37 -0.103173
7 38 -0.089963
7 39 0.180406
7 40 -0.114364
7 41 -0.107881
7 42 -0.334535
7 43 -0.135113
7 44 -0.073106
7 45 -0.149494
7 46 0.000489
7 47 -0.109878
7 48 -0.153842
7 49 -0.163685
7 50 -0.075643
7 51 0.036650
7 52 0.097247
7 53 0.131465
7 54 0.238163
7 55 -0.454379
7 56 -0.000259
7 57 0.226135
7 58 0.107723
7 59 -0.090529
7 60 0.127020
7 61 -0.146073
8 27 0.128632
8 28 0.369810
8 29 0.245522
8 30 -0.385040
8 31 1.741607
8 32 -0.070614
8 33 -0.529745
8 34 -0.743023
8 35 0.733742
8 36 -0.173871
8 37 -0.098018
8 38 0.452958
8 39 -0.158550
8 40 -0.080976
8 41 0.284681
8 42 -0.598799
8 43 0.697070
8 44 0.967666
8 45 0.831919
8 46 0.103760
8 47 0.185798
8 48 -0.120616
8 49 -0.791425
8 50 0.017308
8 51 -0.066600
8 52 0.061672
8 53 -0.149796
8 54 -0.610443
8 55 0.642397
8 56 0.545327
8 57 -0.150280
8 58 -0.218842
8 59 -0.066661
8 60 -0.065253
8 61 -0.098013
9 27 -0.045398
9 28 -0.374163
9 29 -0.129177
9 30 0.700199
9 31 -1.094857
9 32 0.523720
9 33 -0.212754
9 34 -0.158948
9 35 -0.820820
9 36 0.075231
9 37 -0.088511
9 38 -0.871842
9 39 -0.178872
9 40 -0.133561
9 41 -0.636466
9 42 1.256554
9 43 -0.964997
9 44 -0.602263
9 45 -1.428365
9 46 0.054328
9 47 -0.079581
9 48 -0.124304
9 49 1.723879
9 50 0.021857
9 51 0.110846
9 52 0.032007
9 53 -0.213842
9 54 0.996140
9 55 -0.434375
9 56 0.181418
9 57 0.306228
9 58 -0.251499
9 59 -0.602387
9 60 -0.553547
9 61 -0.076201
10 27 0.056168
10 28 -0.097134
10 29 0.175291
10 30 -0.313464
10 31 -0.556669
10 32 0.676485
10 33 -0.983216
10 34 0.195992
10 35 0.171471
10 36 0.313039
10 37 -0.125811
10 38 0.173818
10 39 0.201729
10 40 -0.136105
10 41 0.152689
10 42 1.616635
10 43 0.202418
10 44 0.138588
10 45 0.672230
10 46 0.186013
10 47 -0.502363
10 48 -0.319740
10 49 1.534331
10 50 0.004688
10 51 0.111188
10 52 -0.333853
10 53 0.135464
10 54 -0.718343
10 55 -0.569142
10 56 -0.561211
10 57 -0.238574
10 58 0.047928
10 59 -0.468885
10 60 -0.038682
10 61 -0.342268
11 27 0.178995
11 28 0.224273
11 29 -0.411535
11 30 0.948078
11 31 0.785813
11 32 0.001693
11 33 0.898766
11 34 0.621202
11 35 -0.053944
11 36 0.269833
11 37 0.155228
11 38 -0.302855
11 39 0.320153
11 40 -0.066039
11 41 -0.290604
11 42 -0.687501
11 43 -0.169845
11 44 -0.375544
11 45 -1.443965
11 46 0.032801
11 47 0.316590
11 48 0.287635
11 49 -0.564552
11 50 -0.104244
11 51 0.184277
11 52 -1.122471
11 53 0.347256
11 54 -0.267166
11 55 0.398204
11 56 1.333967
11 57 -0.434577
11 58 0.363476
11 59 0.531363
11 60 0.544390
11 61 0.246143
12 27 -0.007978
12 28 0.099301
12 29 -0.192074
12 30 0.281047
12 31 2.103858
12 32 -0.040861
12 33 -0.016617
12 34 -0.001220
12 35 -0.703310
12 36 -0.186224
12 37 -0.291395
12 38 0.136311
12 39 -0.166791
12 40 0.164864
12 41 -0.292061
12 42 -0.233266
12 43 0.124843
12 44 -0.376212
12 45 -0.716015
12 46 -0.098838
12 47 -0.461910
12 48 -0.063624
12 49 -0.439952
12 50 -0.017163
12 51 -0.005991
12 52 0.090641
12 53 -0.280168
12 54 0.507054
12 55 -0.718043
12 56 -1.737472
12 57 0.147696
12 58 -0.247883
12 59 -0.184522
12 60 0.454017
12 61 -0.091841
13 27 -0.003277
13 28 0.227344
13 29 0.076345
13 30 -0.132175
13 31 -0.736604
13 32 -0.008367
13 33 -0.769319
13 34 0.907995
13 35 1.014994
13 36 0.136922
13 37 -0.080648
13 38 -0.482069
13 39 -0.111223
13 40 0.029563
13 41 0.111746
13 42 0.536815
13 43 -0.654046
13 44 0.924918
13 45 1.084266
13 46 -0.027373
13 47 0.239545
13 48 -0.030989
13 49 0.776224
13 50 0.123309
13 51 0.114098
13 52 0.025548
13 53 -0.117710
13 54 -0.735975
13 55 1.490161
13 56 1.078669
13 57 -0.442014
13 58 -0.025147
13 59 0.002339
13 60 0.043005
13 61 -0.154348
14 27 -0.137865
14 28 0.249394
14 29 0.016216
14 30 0.044017
14 31 0.688004
14 32 0.036639
14 33 -0.046066
14 34 0.667353
14 35 -0.444970
14 36 0.081936
14 37 -0.131918
14 38 0.055536
14 39 0.021244
14 40 -0.141205
14 41 -0.238975
14 42 0.185097
14 43 0.069053
14 44 -0.237517
14 45 -0.232527
14 46 -0.084244
14 47 -0.202398
14 48 -0.065504
14 49 0.310174
14 50 -0.091267
14 51 0.131946
14 52 -0.168206
14 53 0.025047
14 54 -0.560689
14 55 -0.501226
14 56 1.289440
14 57 -0.160887
14 58 0.006651
14 59 -0.123403
14 60 0.468896
14 61 -0.125532
15 27 0.277482
15 28 0.002458
15 29 0.345936
15 30 -0.141232
15 31 0.297150
15 32 0.179129
15 33 -0.931805
15 34 -0.350234
15 35 0.004080
15 36 0.114231
15 37 -0.812361
15 38 0.028141
15 39 0.619990
15 40 -0.110310
15 41 -0.193526
15 42 0.718553
15 43 -0.029964
15 44 0.596170
15 45 -0.036134
15 46 -0.229630
15 47 0.000203
15 48 0.030821
15 49 0.778976
15 50 -0.045111
15 51 0.111951
15 52 0.456482
15 53 0.393468
15 54 -1.885723
15 55 -1.262792
15 56 -0.495912
15 57 0.326614
15 58 0.432060
15 59 -0.395173
15 60 -0.276059
15 61 -0.006468
16 27 0.314202
16 28 -0.133276
16 29 -0.537496
16 30 0.622518
16 31 -1.121263
16 32 0.278574
16 33 0.713611
16 34 -0.992725
16 35 0.084032
16 36 -0.046564
16 37 0.020960
16 38 0.153176
16 39 -0.033187
16 40 -0.019150
16 41 -0.452365
16 42 0.998147
16 43 0.206025
16 44 -0.307261
16 45 -1.414820
16 46 -0.406464
16 47 0.239576
16 48 0.176131
16 49 1.360321
16 50 -0.026524
16 51 0.009679
16 52 -0.861549
16 53 0.031669
16 54 -0.801655
16 55 -0.036056
16 56 0.950044
16 57 -0.258019
16 58 -0.007968
16 59 0.385407
16 60 -0.687816
16 61 0.153841
17 27 -0.076834
17 28 0.458500
17 29 -0.184303
17 30 -1.894339
17 31 1.896315
17 32 -0.288357
17 33 -0.222469
17 34 0.874774
17 35 -0.136942
17 36 -0.262261
17 37 0.169389
17 38 -0.572878
17 39 0.346931
17 40 -0.008457
17 41 0.331988
17 42 -0.483030
17 43 -0.409871
17 44 0.317867
17 45 0.753056
17 46 0.300354
17 47 -0.218358
17 48 0.015898
17 49 -0.884656
17 50 0.014833
17 51 -0.083214
17 52 -0.961251
17 53 0.229596
17 54 0.389018
17 55 -0.275611
17 56 -0.174484
17 57 0.238571
17 58 0.251386
17 59 -0.442847
17 60 0.726573
17 61 0.140712
18 27 -0.175394
18 28 0.291163
18 29 -0.134325
18 30 1.180029
18 31 1.169230
18 32 0.077108
18 33 0.228484
18 34 0.070532
18 35 -0.264049
18 36 0.098037
18 37 -0.365095
18 38 0.628922
18 39 -0.174417
18 40 -0.072479
18 41 0.239054
18 42 0.782360
18 43 0.431636
18 44 0.034951
18 45 0.518562
18 46 -0.069430
18 47 0.018349
18 48 0.017830
18 49 0.587351
18 50 0.030674
18 51 0.082187
18 52 -0.504826
18 53 -0.182312
18 54 -0.873634
18 55 -0.042903
18 56 -0.930311
18 57 0.029854
18 58 -0.008803
18 59 -0.168306
18 60 0.208865
18 61 -0.120933
19 27 -0.093488
19 28 -0.043635
19 29 -0.288658
19 30 -0.407015
19 31 0.350506
19 32 0.166393
19 33 0.520041
19 34 -0.450426
19 35 0.395530
19 36 -0.039973
19 37 0.711538
19 38 0.259876
19 39 -0.584140
19 40 0.007380
19 41 0.033165
19 42 0.725006
19 43 0.216028
19 44 -0.374606
19 45 -0.237023
19 46 0.092451
19 47 -0.526722
19 48 -0.172058
19 49 0.497690
19 50 0.100399
19 51 -0.010083
19 52 -0.390861
19 53 -0.296339
19 54 1.072065
19 55 0.510557
19 56 -1.140181
19 57 -0.447727
19 58 -0.276033
19 59 0.419700
19 60 -0.043666
19 61 -0.242040
20 27 -0.034426
20 28 0.229085
20 29 -0.253188
20 30 -0.234588
20 31 0.076413
20 32 0.031792
20 33 -0.401148
20 34 0.052548
20 35 -0.343099
20 36 0.077938
20 37 -0.115914
20 38 0.401025
20 39 -0.158750
20 40 -0.004548
20 41 -0.253036
20 42 -0.014944
20 43 0.408752
20 44 -0.570443
20 45 -0.334233
20 46 -0.142847
20 47 -0.285764
20 48 -0.171296
20 49 0.189672
20 50 0.030026
20 51 0.046961
20 52 -0.365895
20 53 -0.084675
20 54 -0.322791
20 55 -0.653424
20 56 1.482192
20 57 -0.122732
20 58 -0.094798
20 59 -0.381220
20 60 -0.031207
20 61 -0.136774
21 27 -0.198190
21 28 -0.099374
21 29 0.693008
21 30 0.125003
21 31 -0.401682
21 32 -0.296623
21 33 -0.203360
21 34 -0.247783
21 35 -0.069806
21 36 -0.154325
21 37 0.162800
21 38 -0.162626
21 39 -0.622176
21 40 0.194462
21 41 0.097615
21 42 -0.679901
21 43 -0.205645
21 44 0.943431
21 45 0.053108
21 46 0.188015
21 47 0.283126
21 48 -0.017072
21 49 -0.473592
21 50 0.059946
21 51 -0.065655
21 52 0.167066
21 53 -0.365361
21 54 -0.229185
21 55 0.355741
21 56 -0.185026
21 57 0.249514
21 58 -0.312786
21 59 0.224258
21 60 -0.063060
21 61 -0.003645
22 27 -0.194292
22 28 0.191112
22 29 -0.251458
22 30 0.255834
22 31 -1.382759
22 32 -0.285890
22 33 0.159738
22 34 0.807896
22 35 -0.597207
22 36 -0.047231
22 37 -0.047499
22 38 -0.644096
22 39 0.015798
22 40 0.042039
22 41 -0.219844
22 42 0.594269
22 43 -0.626490
22 44 -0.529005
22 45 -0.774124
22 46 -0.011697
22 47 -0.367245
22 48 -0.018824
22 49 0.806372
22 50 -0.081684
22 51 0.028232
22 52 -0.101621
22 53 -0.094406
22 54 0.756742
22 55 -1.223867
22 56 -0.075452
22 57 0.217699
22 58 0.021196
22 59 -0.292101
22 60 0.065031
22 61 0.077741
23 27 -0.232499
23 28 0.247184
23 29 0.045522
23 30 1.693548
23 31 0.930502
23 32 -0.253684
23 33 0.919015
23 34 0.514171
23 35 -0.226197
23 36 -0.299710
23 37 0.091382
23 38 -0.306668
23 39 0.014012
23 40 -0.037666
23 41 -0.383387
23 42 -0.717312
23 43 -0.344390
23 44 -0.646956
23 45 -1.292766
23 46 -0.145559
23 47 1.126479
23 48 0.258228
23 49 -0.888772
23 50 0.025537
23 51 -0.208794
23 52 0.398451
23 53 -0.193762
23 54 -0.425551
23 55 1.114964
23 56 0.994121
23 57 -0.489303
23 58 0.023898
23 59 0.656466
23 60 0.451112
23 61 0.262293
24 27 0.017824
24 28 -0.182572
24 29 -0.241244
24 30 -0.837140
24 31 -1.098733
24 32 0.380785
24 33 -0.207543
24 34 0.330526
24 35 1.337674
24 36 0.193324
24 37 0.059408
24 38 -0.391862
24 39 0.064254
24 40 -0.010000
24 41 0.343314
24 42 0.401576
24 43 -0.344484
24 44 1.141503
24 45 0.524489
24 46 -0.041013
24 47 1.005501
24 48 0.116818
24 49 1.009650
24 50 -0.023678
24 51 -0.051640
24 52 -0.277445
24 53 -0.031805
24 54 -0.799761
24 55 1.587220
24 56 1.461355
24 57 -0.432865
24 58 0.053162
24 59 0.274895
24 60 -0.282230
24 61 0.219109
25 27 -0.104746
25 28 -0.194281
25 29 0.457059
25 30 -0.083845
25 31 -0.448121
25 32 -0.009785
25 33 -0.072450
25 34 -0.622244
25 35 -0.013850
25 36 -0.170407
25 37 -0.411782
25 38 -0.090903
25 39 -0.330658
25 40 0.175197
25 41 0.062691
25 42 0.017367
25 43 -0.250577
25 44 1.099255
25 45 0.613894
25 46 0.193319
25 47 -0.281253
25 48 0.141017
25 49 -0.000348
25 50 0.134704
25 51 -0.061358
25 52 -0.035037
25 53 -0.201461
25 54 -0.179796
25 55 -0.944277
25 56 -0.717695
25 57 0.692327
25 58 -0.282558
25 59 0.251034
25 60 -0.018262
25 61 0.295673
26 27 -0.143122
26 28 0.190789
26 29 0.012373
26 30 -0.980103
26 31 1.219647
26 32 -0.072168
26 33 -0.445080
26 34 0.157467
26 35 -0.074047
26 36 -0.019682
26 37 -0.015864
26 38 -0.539524
26 39 0.165648
26 40 -0.152165
26 41 0.055391
26 42 -0.839929
26 43 -0.594874
26 44 -0.503007
26 45 0.492102
26 46 -0.107548
26 47 -0.262240
26 48 -0.086765
26 49 -1.181236
26 50 0.051421
26 51 0.069745
26 52 0.638011
26 53 0.065105
26 54 0.247306
26 55 -0.379496
26 56 -0.102102
26 57 -0.133611
26 58 0.058731
26 59 -0.356490
26 60 0.398063
26 61 -0.255582
27 0 -0.192807
27 1 0.066355
27 2 -0.367997
27 3 0.326211
27 4 -0.470034
27 5 0.200604
27 6 -0.026708
27 7 -0.029761
27 8 0.128632
27 9 -0.045398
27 10 0.056168
27 11 0.178995
27 12 -0.007978
27 13 -0.003277
27 14 -0.137865
27 15 0.277482
27 16 0.314202
27 17 -0.076834
27 18 -0.175394
27 19 -0.093488
27 20 -0.034426
27 21 -0.198190
27 22 -0.194292
27 23 -0.232499
27 24 0.017824
27 25 -0.104746
27 26 -0.143122
27 62 -0.296699
27 63 0.047440
28 0 0.007040
28 1 0.111382
28 2 0.105598
28 3 -0.089116
28 4 0.118170
28 5 -0.027022
28 6 0.230600
28 7 0.010199
28 8 0.369810
28 9 -0.374163
28 10 -0.097134
28 11 0.224273
28 12 0.099301
28 13 0.227344
28 14 0.249394
28 15 0.002458
28 16 -0.133276
28 17 0.458500
28 18 0.291163
28 19 -0.043635
28 20 0.229085
28 21 -0.099374
28 22 0.191112
28 23 0.247184
28 24 -0.182572
28 25 -0.194281
28 26 0.190789
28 62 -0.024385
28 63 -0.052546
29 0 0.084990
29 1 0.188630
29 2 0.221051
29 3 0.120598
29 4 0.079511
29 5 -0.001693
29 6 -0.486887
29 7 -0.032416
29 8 0.245522
29 9 -0.129177
29 10 0.175291
29 11 -0.411535
29 12 -0.192074
29 13 0.076345
29 14 0.016216
29 15 0.345936
29 16 -0.537496
29 17 -0.184303
29 18 -0.134325
29 19 -0.288658
29 20 -0.253188
29 21 0.693008
29 22 -0.251458
29 23 0.045522
29 24 -0.241244
29 25 0.457059
29 26 0.012373
29 62 -0.500145
29 63 -0.033606
30 0 -0.723633
30 1 0.328322
30 2 0.013473
30 3 -1.289412
30 4 -0.354336
30 5 -0.207745
30 6 -0.590502
30 7 -0.019243
30 8 -0.385040
30 9 0.700199
30 10 -0.313464
30 11 0.948078
30 12 0.281047
30 13 -0.132175
30 14 0.044017
30 15 -0.141232
30 16 0.622518
30 17 -1.894339
30 18 1.180029
30 19 -0.407015
30 20 -0.234588
30 21 0.125003
30 22 0.255834
30 23 1.693548
30 24 -0.837140
30 25 -0.083845
30 26 -0.980103
30 62 -1.496001
30 63 -0.062737
31 0 -1.263160
31 1 1.065021
31 2 -0.412513
31 3 0.280704
31 4 1.146451
31 5 0.204455
31 6 0.422582
31 7 -0.001142
31 8 1.741607
31 9 -1.094857
31 10 -0.556669
31 11 0.785813
31 12 2.103858
31 13 -0.736604
31 14 0.688004
31 15 0.297150
31 16 -1.121263
31 17 1.896315
31 18 1.169230
31 19 0.350506
31 20 0.076413
31 21 -0.401682
31 22 -1.382759
31 23 0.930502
31 24 -1.098733
31 25 -0.448121
31 26 1.219647
31 62 0.436663
31 63 0.091567
32 0 -0.362238
32 1 0.425084
32 2 -0.479505
32 3 0.413577
32 4 0.096472
32 5 0.069569
32 6 0.386124
32 7 -0.081581
32 8 -0.070614
32 9 0.523720
32 10 0.676485
32 11 0.001693
32 12 -0.040861
32 13 -0.008367
32 14 0.036639
32 15 0.179129
32 16 0.278574
32 17 -0.288357
32 18 0.077108
32 19 0.166393
32 20 0.031792
32 21 -0.296623
32 22 -0.285890
32 23 -0.253684
32 24 0.380785
32 25 -0.009785
32 26 -0.072168
32 62 0.018302
32 63 -0.094992
33 0 0.073413
33 1 0.224749
33 2 -0.411437
33 3 0.420373
33 4 -0.170075
33 5 -0.489056
33 6 0.074441
33 7 -0.414486
33 8 -0.529745
33 9 -0.212754
33 10 -0.983216
33 11 0.898766
33 12 -0.016617
33 13 -0.769319
33 14 -0.046066
33 15 -0.931805
33 16 0.713611
33 17 -0.222469
33 18 0.228484
33 19 0.520041
33 20 -0.401148
33 21 -0.203360
33 22 0.159738
33 23 0.919015
33 24 -0.207543
33 25 -0.072450
33 26 -0.445080
33 62 -0.967166
33 63 0.060318
34 0 -0.134287
34 1 -0.837458
34 2 1.245023
34 3 -0.009278
34 4 0.449136
34 5 0.530643
34 6 1.057618
34 7 0.171682
34 8 -0.743023
34 9 -0.158948
34 10 0.195992
34 11 0.621202
34 12 -0.001220
34 13 0.907995
34 14 0.667353
34 15 -0.350234
34 16 -0.992725
34 17 0.874774
34 18 0.070532
34 19 -0.450426
34 20 0.052548
34 21 -0.247783
34 22 0.807896
34 23 0.514171
34 24 0.330526
34 25 -0.622244
34 26 0.157467
34 62 0.183003
34 63 -0.094722
35 0 -0.212186
35 1 -0.247373
35 2 -0.157870
35 3 0.093883
35 4 0.440713
35 5 -0.438514
35 6 -0.078507
35 7 -0.003619
35 8 0.733742
35 9 -0.820820
35 10 0.171471
35 11 -0.053944
35 12 -0.703310
35 13 1.014994
35 14 -0.444970
35 15 0.004080
35 16 0.084032
35 17 -0.136942
35 18 -0.264049
35 19 0.395530
35 20 -0.343099
35 21 -0.069806
35 22 -0.597207
35 23 -0.226197
35 24 1.337674
35 25 -0.013850
35 26 -0.074047
35 62 -0.946148
35 63 0.003796
36 0 -0.269084
36 1 0.332903
36 2 0.077207
36 3 0.344662
36 4 0.129208
36 5 0.014793
36 6 0.217558
36 7 0.046382
36 8 -0.173871
36 9 0.075231
36 10 0.313039
36 11 0.269833
36 12 -0.186224
36 13 0.136922
36 14 0.081936
36 15 0.114231
36 16 -0.046564
36 17 -0.262261
36 18 0.098037
36 19 -0.039973
36 20 0.077938
36 21 -0.154325
36 22 -0.047231
36 23 -0.299710
36 24 0.193324
36 25 -0.170407
36 26 -0.019682
36 62 -0.074431
36 63 -0.034060
37 0 0.055496
37 1 -0.423781
37 2 -0.304139
37 3 0.637645
37 4 0.087323
37 5 0.007638
37 6 -0.142528
37 7 -0.103173
37 8 -0.098018
37 9 -0.088511
37 10 -0.125811
37 11 0.155228
37 12 -0.291395
37 13 -0.080648
37 14 -0.131918
37 15 -0.812361
37 16 0.020960
37 17 0.169389
37 18 -0.365095
37 19 0.711538
37 20 -0.115914
37 21 0.162800
37 22 -0.047499
37 23 0.091382
37 24 0.059408
37 25 -0.411782
37 26 -0.015864
37 62 -0.606024
37 63 0.097987
38 0 -1.100531
38 1 1.077986
38 2 -1.041122
38 3 0.693550
38 4 -0.608548
38 5 -0.020158
38 6 0.155387
38 7 -0.089963
38 8 0.452958
38 9 -0.871842
38 10 0.173818
38 11 -0.302855
38 12 0.136311
38 13 -0.482069
38 14 0.055536
38 15 0.028141
38 16 0.153176
38 17 -0.572878
38 18 0.628922
38 19 0.259876
38 20 0.401025
38 21 -0.162626
38 22 -0.644096
38 23 -0.306668
38 24 -0.391862
38 25 -0.090903
38 26 -0.539524
38 62 0.571685
38 63 -0.021998
39 0 -0.165744
39 1 0.582961
39 2 0.278839
39 3 0.379830
39 4 0.250971
39 5 -0.305696
39 6 0.030855
39 7 0.180406
39 8 -0.158550
39 9 -0.178872
39 10 0.201729
39 11 0.320153
39 12 -0.166791
39 13 -0.111223
39 14 0.021244
39 15 0.619990
39 16 -0.033187
39 17 0.346931
39 18 -0.174417
39 19 -0.584140
39 20 -0.158750
39 21 -0.622176
39 22 0.015798
39 23 0.014012
39 24 0.064254
39 25 -0.330658
39 26 0.165648
39 62 -0.486275
39 63 -0.076103
40 0 0.004591
40 1 0.063663
40 2 -0.015472
40 3 -0.074372
40 4 -0.050516
40 5 -0.005897
40 6 -0.234069
40 7 -0.114364
40 8 -0.080976
40 9 -0.133561
40 10 -0.136105
40 11 -0.066039
40 12 0.164864
40 13 0.029563
40 14 -0.141205
40 15 -0.110310
40 16 -0.019150
40 17 -0.008457
40 18 -0.072479
40 19 0.007380
40 20 -0.004548
40 21 0.194462
40 22 0.042039
40 23 -0.037666
40 24 -0.010000
40 25 0.175197
40 26 -0.152165
40 62 -0.160086
40 63 -0.031283
41 0 -0.363930
41 1 0.189400
41 2 0.045672
41 3 -0.303910
41 4 -0.139632
41 5 -0.065052
41 6 0.086631
41 7 -0.107881
41 8 0.284681
41 9 -0.636466
41 10 0.152689
41 11 -0.290604
41 12 -0.292061
41 13 0.111746
41 14 -0.238975
41 15 -0.193526
41 16 -0.452365
41 17 0.331988
41 18 0.239054
41 19 0.033165
41 20 -0.253036
41 21 0.097615
41 22 -0.219844
41 23 -0.383387
41 24 0.343314
41 25 0.062691
41 26 0.055391
41 62 -0.534859
41 63 -0.054281
42 0 -0.765605
42 1 0.684951
42 2 -0.181562
42 3 0.839588
42 4 1.292489
42 5 -0.163487
42 6 0.752672
42 7 -0.334535
42 8 -0.598799
42 9 1.256554
42 10 1.616635
42 11 -0.687501
42 12 -0.233266
42 13 0.536815
42 14 0.185097
42 15 0.718553
42 16 0.998147
42 17 -0.483030
42 18 0.782360
42 19 0.725006
42 20 -0.014944
42 21 -0.679901
42 22 0.594269
42 23 -0.717312
42 24 0.401576
42 25 0.017367
42 26 -0.839929
42 62 0.409521
42 63 0.099961
43 0 -1.586848
43 1 1.230058
43 2 -1.312267
43 3 0.931167
43 4 -0.751298
43 5 0.049939
43 6 0.181317
43 7 -0.135113
43 8 0.697070
43 9 -0.964997
43 10 0.202418
43 11 -0.169845
43 12 0.124843
43 13 -0.654046
43 14 0.069053
43 15 -0.029964
43 16 0.206025
43 17 -0.409871
43 18 0.431636
43 19 0.216028
43 20 0.408752
43 21 -0.205645
43 22 -0.626490
43 23 -0.344390
43 24 -0.344484
43 25 -0.250577
43 26 -0.594874
43 62 0.655612
43 63 -0.033179
44 0 -0.226949
44 1 0.036907
44 2 -0.060699
44 3 -0.952542
44 4 0.446898
44 5 -0.513317
44 6 -0.143590
44 7 -0.073106
44 8 0.967666
44 9 -0.602263
44 10 0.138588
44 11 -0.375544
44 12 -0.376212
44 13 0.924918
44 14 -0.237517
44 15 0.596170
44 16 -0.307261
44 17 0.317867
44 18 0.034951
44 19 -0.374606
44 20 -0.570443
44 21 0.943431
44 22 -0.529005
44 23 -0.646956
44 24 1.141503
44 25 1.099255
44 26 -0.503007
44 62 -1.126903
44 63 0.055322
45 0 -1.180827
45 1 0.043492
45 2 0.019450
45 3 -0.463049
45 4 -0.517850
45 5 -0.008978
45 6 0.110636
45 7 -0.149494
45 8 0.831919
45 9 -1.428365
45 10 0.672230
45 11 -1.443965
45 12 -0.716015
45 13 1.084266
45 14 -0.232527
45 15 -0.036134
45 16 -1.414820
45 17 0.753056
45 18 0.518562
45 19 -0.237023
45 20 -0.334233
45 21 0.053108
45 22 -0.774124
45 23 -1.292766
45 24 0.524489
45 25 0.613894
45 26 0.492102
45 62 -1.550707
45 63 0.099646
46 0 0.139104
46 1 0.110699
46 2 -0.227338
46 3 0.022330
46 4 -0.059992
46 5 -0.110256
46 6 -0.146377
46 7 0.000489
46 8 0.103760
46 9 0.054328
46 10 0.186013
46 11 0.032801
46 12 -0.098838
46 13 -0.027373
46 14 -0.084244
46 15 -0.229630
46 16 -0.406464
46 17 0.300354
46 18 -0.069430
46 19 0.092451
46 20 -0.142847
46 21 0.188015
46 22 -0.011697
46 23 -0.145559
46 24 -0.041013
46 25 0.193319
46 26 -0.107548
46 62 -0.303615
46 63 0.100000
47 0 -0.029336
47 1 0.799395
47 2 0.170214
47 3 -0.174780
47 4 0.376676
47 5 -1.079901
47 6 -0.140077
47 7 -0.109878
47 8 0.185798
47 9 -0.079581
47 10 -0.502363
47 11 0.316590
47 12 -0.461910
47 13 0.239545
47 14 -0.202398
47 15 0.000203
47 16 0.239576
47 17 -0.218358
47 18 0.018349
47 19 -0.526722
47 20 -0.285764
47 21 0.283126
47 22 -0.367245
47 23 1.126479
47 24 1.005501
47 25 -0.281253
47 26 -0.262240
47 62 -0.904944
47 63 0.095779
48 0 0.018909
48 1 0.266153
48 2 0.063307
48 3 0.115556
48 4 0.063202
48 5 -0.237814
48 6 0.083445
48 7 -0.153842
48 8 -0.120616
48 9 -0.124304
48 10 -0.319740
48 11 0.287635
48 12 -0.063624
48 13 -0.030989
48 14 -0.065504
48 15 0.030821
48 16 0.176131
48 17 0.015898
48 18 0.017830
48 19 -0.172058
48 20 -0.171296
48 21 -0.017072
48 22 -0.018824
48 23 0.258228
48 24 0.116818
48 25 0.141017
48 26 -0.086765
48 62 -0.287938
48 63 -0.008571
49 0 -0.153806
49 1 0.808163
49 2 0.272182
49 3 0.582373
49 4 1.178647
49 5 0.020456
49 6 0.539329
49 7 -0.163685
49 8 -0.791425
49 9 1.723879
49 10 1.534331
49 11 -0.564552
49 12 -0.439952
49 13 0.776224
49 14 0.310174
49 15 0.778976
49 16 1.360321
49 17 -0.884656
49 18 0.587351
49 19 0.497690
49 20 0.189672
49 21 -0.473592
49 22 0.806372
49 23 -0.888772
49 24 1.009650
49 25 -0.000348
49 26 -1.181236
49 62 0.202430
49 63 0.096584
50 0 -0.040694
50 1 -0.079053
50 2 -0.036855
50 3 -0.071553
50 4 -0.042300
50 5 -0.021560
50 6 -0.030696
50 7 -0.075643
50 8 0.017308
50 9 0.021857
50 10 0.004688
50 11 -0.104244
50 12 -0.017163
50 13 0.123309
50 14 -0.091267
50 15 -0.045111
50 16 -0.026524
50 17 0.014833
50 18 0.030674
50 19 0.100399
50 20 0.030026
50 21 0.059946
50 22 -0.081684
50 23 0.025537
50 24 -0.023678
50 25 0.134704
50 26 0.051421
50 62 -0.069575
50 63 0.095545
51 0 -0.190284
51 1 0.059648
51 2 -0.129672
51 3 0.135245
51 4 -0.124365
51 5 -0.065750
51 6 0.070312
51 7 0.036650
51 8 -0.066600
51 9 0.110846
51 10 0.111188
51 11 0.184277
51 12 -0.005991
51 13 0.114098
51 14 0.131946
51 15 0.111951
51 16 0.009679
51 17 -0.083214
51 18 0.082187
51 19 -0.010083
51 20 0.046961
51 21 -0.065655
51 22 0.028232
51 23 -0.208794
51 24 -0.051640
51 25 -0.061358
51 26 0.069745
51 62 -0.037894
51 63 0.082679
52 0 0.099697
52 1 -0.505151
52 2 0.356935
52 3 1.131759
52 4 -0.417061
52 5 -0.228549
52 6 -0.399898
52 7 0.097247
52 8 0.061672
52 9 0.032007
52 10 -0.333853
52 11 -1.122471
52 12 0.090641
52 13 0.025548
52 14 -0.168206
52 15 0.456482
52 16 -0.861549
52 17 -0.961251
52 18 -0.504826
52 19 -0.390861
52 20 -0.365895
52 21 0.167066
52 22 -0.101621
52 23 0.398451
52 24 -0.277445
52 25 -0.035037
52 26 0.638011
52 62 -0.936785
52 63 -0.005359
53 0 -0.230909
53 1 0.273858
53 2 0.231857
53 3 0.311309
53 4 0.193859
53 5 -0.184915
53 6 0.085224
53 7 0.131465
53 8 -0.149796
53 9 -0.213842
53 10 0.135464
53 11 0.347256
53 12 -0.280168
53 13 -0.117710
53 14 0.025047
53 15 0.393468
53 16 0.031669
53 17 0.229596
53 18 -0.182312
53 19 -0.296339
53 20 -0.084675
53 21 -0.365361
53 22 -0.094406
53 23 -0.193762
53 24 -0.031805
53 25 -0.201461
53 26 0.065105
53 62 -0.274763
53 63 0.095247
54 0 0.408935
54 1 -0.883812
54 2 -0.764107
54 3 0.316278
54 4 -1.269906
54 5 -0.175061
54 6 0.216202
54 7 0.238163
54 8 -0.610443
54 9 0.996140
54 10 -0.718343
54 11 -0.267166
54 12 0.507054
54 13 -0.735975
54 14 -0.560689
54 15 -1.885723
54 16 -0.801655
54 17 0.389018
54 18 -0.873634
54 19 1.072065
54 20 -0.322791
54 21 -0.229185
54 22 0.756742
54 23 -0.425551
54 24 -0.799761
54 25 -0.179796
54 26 0.247306
54 62 -1.392610
54 63 0.028480
55 0 -0.164939
55 1 0.012818
55 2 -0.215665
55 3 0.551152
55 4 1.382987
55 5 -0.885238
55 6 -0.516862
55 7 -0.454379
55 8 0.642397
55 9 -0.434375
55 10 -0.569142
55 11 0.398204
55 12 -0.718043
55 13 1.490161
55 14 -0.501226
55 15 -1.262792
55 16 -0.036056
55 17 -0.275611
55 18 -0.042903
55 19 0.510557
55 20 -0.653424
55 21 0.355741
55 22 -1.223867
55 23 1.114964
55 24 1.587220
55 25 -0.944277
55 26 -0.379496
55 62 -1.462383
55 63 0.091639
56 0 2.294974
56 1 -0.751486
56 2 1.740393
56 3 -1.147673
56 4 -1.464299
56 5 1.866159
56 6 -0.022722
56 7 -0.000259
56 8 0.545327
56 9 0.181418
56 10 -0.561211
56 11 1.333967
56 12 -1.737472
56 13 1.078669
56 14 1.289440
56 15 -0.495912
56 16 0.950044
56 17 -0.174484
56 18 -0.930311
56 19 -1.140181
56 20 1.482192
56 21 -0.185026
56 22 -0.075452
56 23 0.994121
56 24 1.461355
56 25 -0.717695
56 26 -0.102102
56 62 0.377128
56 63 -0.073871
57 0 0.141385
57 1 -0.119437
57 2 -0.205303
57 3 -0.768094
57 4 -0.494599
57 5 0.061275
57 6 0.102733
57 7 0.226135
57 8 -0.150280
57 9 0.306228
57 10 -0.238574
57 11 -0.434577
57 12 0.147696
57 13 -0.442014
57 14 -0.160887
57 15 0.326614
57 16 -0.258019
57 17 0.238571
57 18 0.029854
57 19 -0.447727
57 20 -0.122732
57 21 0.249514
57 22 0.217699
57 23 -0.489303
57 24 -0.432865
57 25 0.692327
57 26 -0.133611
57 62 -0.696117
57 63 0.053321
58 0 -0.252628
58 1 0.369830
58 2 0.184704
58 3 0.219476
58 4 0.230941
58 5 -0.213871
58 6 0.014732
58 7 0.107723
58 8 -0.218842
58 9 -0.251499
58 10 0.047928
58 11 0.363476
58 12 -0.247883
58 13 -0.025147
58 14 0.006651
58 15 0.432060
58 16 -0.007968
58 17 0.251386
58 18 -0.008803
58 19 -0.276033
58 20 -0.094798
58 21 -0.312786
58 22 0.021196
58 23 0.023898
58 24 0.053162
58 25 -0.282558
58 26 0.058731
58 62 -0.291945
58 63 -0.037050
59 0 0.221586
59 1 -0.074043
59 2 -0.130124
59 3 0.566441
59 4 -0.076693
59 5 -0.243827
59 6 -0.390262
59 7 -0.090529
59 8 -0.066661
59 9 -0.602387
59 10 -0.468885
59 11 0.531363
59 12 -0.184522
59 13 0.002339
59 14 -0.123403
59 15 -0.395173
59 16 0.385407
59 17 -0.442847
59 18 -0.168306
59 19 0.419700
59 20 -0.381220
59 21 0.224258
59 22 -0.292101
59 23 0.656466
59 24 0.274895
59 25 0.251034
59 26 -0.356490
59 62 -0.663540
59 63 -0.006934
60 0 -0.459937
60 1 -0.178414
60 2 0.368810
60 3 0.089789
60 4 0.348299
60 5 0.127824
60 6 0.679945
60 7 0.127020
60 8 -0.065253
60 9 -0.553547
60 10 -0.038682
60 11 0.544390
60 12 0.454017
60 13 0.043005
60 14 0.468896
60 15 -0.276059
60 16 -0.687816
60 17 0.726573
60 18 0.208865
60 19 -0.043666
60 20 -0.031207
60 21 -0.063060
60 22 0.065031
60 23 0.451112
60 24 -0.282230
60 25 -0.018262
60 26 0.398063
60 62 0.233226
60 63 -0.095655
61 0 0.047394
61 1 0.524482
61 2 0.081301
61 3 -0.289662
61 4 0.099926
61 5 -0.385291
61 6 0.101665
61 7 -0.146073
61 8 -0.098013
61 9 -0.076201
61 10 -0.342268
61 11 0.246143
61 12 -0.091841
61 13 -0.154348
61 14 -0.125532
61 15 -0.006468
61 16 0.153841
61 17 0.140712
61 18 -0.120933
61 19 -0.242040
61 20 -0.136774
61 21 -0.003645
61 22 0.077741
61 23 0.262293
61 24 0.219109
61 25 0.295673
61 26 -0.255582
61 62 -0.423653
61 63 0.084426
62 27 -0.296699
62 28 -0.024385
62 29 -0.500145
62 30 -1.496001
62 31 0.436663
62 32 0.018302
62 33 -0.967166
62 34 0.183003
62 35 -0.946148
62 36 -0.074431
62 37 -0.606024
62 38 0.571685
62 39 -0.486275
62 40 -0.160086
62 41 -0.534859
62 42 0.409521
62 43 0.655612
62 44 -1.126903
62 45 -1.550707
62 46 -0.303615
62 47 -0.904944
62 48 -0.287938
62 49 0.202430
62 50 -0.069575
62 51 -0.037894
62 52 -0.936785
62 53 -0.274763
62 54 -1.392610
62 55 -1.462383
62 56 0.377128
62 57 -0.696117
62 58 -0.291945
62 59 -0.663540
62 60 0.233226
62 61 -0.423653
62 64 -1.128883
63 27 0.047440
63 28 -0.052546
63 29 -0.033606
63 30 -0.062737
63 31 0.091567
63 32 -0.094992
63 33 0.060318
63 34 -0.094722
63 35 0.003796
63 36 -0.034060
63 37 0.097987
63 38 -0.021998
63 39 -0.076103
63 40 -0.031283
63 41 -0.054281
63 42 0.099961
63 43 -0.033179
63 44 0.055322
63 45 0.099646
63 46 0.100000
63 47 0.095779
63 48 -0.008571
63 49 0.096584
63 50 0.095545
63 51 0.082679
63 52 -0.005359
63 53 0.095247
63 54 0.028480
63 55 0.091639
63 56 -0.073871
63 57 0.053321
63 58 -0.037050
63 59 -0.006934
63 60 -0.095655
63 61 0.084426
64 62 -1.128883
