3080
0 27 0.331616
0 28 0.237852
0 29 0.015787
0 30 -0.417458
0 31 -0.194121
0 32 0.090788
0 33 -0.177386
0 34 -0.688743
0 35 -0.776071
0 36 0.035470
0 37 -0.321030
0 38 -0.420952
0 39 0.195060
0 40 0.041954
0 41 -0.297922
0 42 -0.424332
0 43 -0.436086
0 44 -0.083267
0 45 -0.625190
0 46 -0.439096
0 47 -0.523009
0 48 -0.336554
0 49 -0.522272
0 50 0.306458
0 51 -1.395442
0 52 -0.015468
0 53 -0.101988
1 27 -0.041670
1 28 -0.772552
1 29 -0.519520
1 30 0.307281
1 31 0.091741
1 32 -0.696998
1 33 0.130332
1 34 0.295830
1 35 0.605944
1 36 -0.268092
1 37 0.269419
1 38 0.126596
1 39 -0.402788
1 40 -0.169080
1 41 0.406852
1 42 -0.098561
1 43 0.463203
1 44 0.040345
1 45 0.597340
1 46 0.389286
1 47 0.642875
1 48 0.176658
1 49 -0.347525
1 50 -0.112442
1 51 0.523892
1 52 -0.151537
1 53 0.142785
2 27 -0.117313
2 28 0.069459
2 29 0.589955
2 30 -0.414505
2 31 -0.027515
2 32 -0.073372
2 33 -1.004716
2 34 0.508556
2 35 -0.833151
2 36 0.093779
2 37 -0.422078
2 38 -0.266776
2 39 0.089213
2 40 -0.286845
2 41 -0.620526
2 42 -0.158177
2 43 -0.578225
2 44 -0.108724
2 45 -0.194248
2 46 -0.422509
2 47 -0.254511
2 48 0.288903
2 49 -0.163519
2 50 -0.295724
2 51 0.676010
2 52 0.043190
2 53 -0.234988
3 27 -0.306923
3 28 0.007670
3 29 -0.392645
3 30 0.283292
3 31 0.025819
3 32 -0.039768
3 33 1.098351
3 34 -0.595696
3 35 0.607832
3 36 -0.333447
3 37 0.170814
3 38 0.437465
3 39 -0.231355
3 40 -0.113085
3 41 0.221208
3 42 -0.248470
3 43 0.298640
3 44 -0.015579
3 45 -0.699115
3 46 0.291624
3 47 -0.473976
3 48 -0.428972
3 49 -0.274496
3 50 0.222171
3 51 -1.225668
3 52 0.162681
3 53 0.220544
4 27 -0.265655
4 28 -0.736597
4 29 0.718043
4 30 -0.443118
4 31 -0.168159
4 32 0.219792
4 33 0.637183
4 34 -0.151714
4 35 -0.864084
4 36 -1.194860
4 37 -0.522931
4 38 -0.560975
4 39 -0.422340
4 40 -0.235842
4 41 -0.684067
4 42 -0.394259
4 43 -0.509615
4 44 -0.079664
4 45 0.361541
4 46 -0.497731
4 47 0.211939
4 48 -0.236840
4 49 0.880910
4 50 0.113645
4 51 0.556612
4 52 -0.060835
4 53 -0.744085
5 27 -0.980701
5 28 0.866082
5 29 -0.609070
5 30 0.295911
5 31 -0.246688
5 32 -0.439634
5 33 -0.894006
5 34 0.157200
5 35 0.630036
5 36 0.810177
5 37 0.193422
5 38 0.072283
5 39 0.572372
5 40 -0.027741
5 41 0.508956
5 42 0.006986
5 43 0.325656
5 44 0.106712
5 45 -0.311448
5 46 0.313053
5 47 -2.282150
5 48 0.142767
5 49 -0.201292
5 50 0.635884
5 51 -0.120922
5 52 0.078800
5 53 0.591741
6 27 0.429042
6 28 -0.033294
6 29 -0.499798
6 30 -0.045583
6 31 -0.151330
6 32 -0.088378
6 33 -0.093099
6 34 0.315188
6 35 -0.032079
6 36 -0.056577
6 37 0.101915
6 38 -0.048267
6 39 -0.192691
6 40 0.191893
6 41 -0.024124
6 42 -0.207447
6 43 -0.013180
6 44 0.005722
6 45 -0.100382
6 46 -0.011717
6 47 -0.064173
6 48 0.229647
6 49 -0.342129
6 50 0.040771
6 51 0.202875
6 52 -0.021707
6 53 0.246673
7 27 -0.260909
7 28 -0.114664
7 29 0.200685
7 30 -0.036040
7 31 -0.023430
7 32 -0.275699
7 33 0.358771
7 34 0.109675
7 35 0.068083
7 36 -0.112953
7 37 0.092038
7 38 -0.082254
7 39 -0.081404
7 40 -0.056431
7 41 -0.077993
7 42 -0.154801
7 43 0.082445
7 44 0.099633
7 45 0.045840
7 46 -0.040362
7 47 -0.342061
7 48 0.059354
7 49 -0.085039
7 50 0.035899
7 51 0.320463
7 52 0.094325
7 53 -0.086077
8 27 0.803531
8 28 -0.391694
8 29 1.126270
8 30 0.166873
8 31 -0.027386
8 32 0.013563
8 33 -0.642174
8 34 -0.585695
8 35 0.528476
8 36 -0.251760
8 37 0.190137
8 38 0.205327
8 39 -0.344118
8 40 -0.252171
8 41 0.379782
8 42 -0.146685
8 43 0.328124
8 44 0.032118
8 45 -0.515171
8 46 0.341111
8 47 1.164647
8 48 -0.377096
8 49 0.091159
8 50 0.526447
8 51 -1.306308
8 52 -0.093741
8 53 0.028966
9 27 -0.072444
9 28 -0.211101
9 29 -0.586087
9 30 -0.339137
9 31 0.047876
9 32 0.002649
9 33 0.536140
9 34 0.288320
9 35 -0.337098
9 36 0.055474
9 37 -0.234220
9 38 -0.204096
9 39 0.124126
9 40 0.012787
9 41 -0.501268
9 42 0.407027
9 43 -0.339977
9 44 -0.199011
9 45 0.472331
9 46 -0.309979
9 47 0.172369
9 48 0.291785
9 49 -0.599951
9 50 -1.675681
9 51 -0.021395
9 52 0.017674
9 53 0.090211
10 27 -0.233336
10 28 -0.262583
10 29 0.302100
10 30 0.012168
10 31 0.017652
10 32 -0.872839
10 33 0.314523
10 34 0.012070
10 35 0.066719
10 36 0.171190
10 37 0.006021
10 38 -0.107988
10 39 -0.212885
10 40 -0.190166
10 41 -0.090528
10 42 -0.105888
10 43 0.137951
10 44 -0.084407
10 45 0.090201
10 46 0.006798
10 47 -0.037030
10 48 -0.047806
10 49 -0.341898
10 50 0.256599
10 51 0.143042
10 52 0.006112
10 53 0.448001
11 27 0.186055
11 28 -0.314658
11 29 -0.552257
11 30 -0.072686
11 31 -0.167565
11 32 0.109448
11 33 -0.560774
11 34 0.411089
11 35 -0.235248
11 36 -0.344187
11 37 0.041529
11 38 -0.173364
11 39 0.083960
11 40 -0.015716
11 41 0.252780
11 42 -0.116222
11 43 -0.269275
11 44 0.167760
11 45 0.253203
11 46 -0.080615
11 47 0.052605
11 48 0.453579
11 49 -0.049593
11 50 -0.794603
11 51 0.602109
11 52 -0.014619
11 53 -0.178513
12 27 -0.190723
12 28 0.787064
12 29 -0.386082
12 30 -0.128234
12 31 -0.063381
12 32 -0.240988
12 33 0.008515
12 34 -0.038250
12 35 -0.352584
12 36 -1.239445
12 37 0.030921
12 38 -0.147061
12 39 -0.564418
12 40 0.095007
12 41 -0.122856
12 42 0.003511
12 43 -0.165825
12 44 0.021582
12 45 -0.042182
12 46 -0.150405
12 47 -1.031446
12 48 -0.240339
12 49 -0.553424
12 50 -0.910498
12 51 0.060932
12 52 -0.140708
12 53 -0.617719
13 27 0.110177
13 28 -0.051470
13 29 0.607435
13 30 -0.124073
13 31 0.047081
13 32 -0.006606
13 33 -0.052795
13 34 0.252924
13 35 -0.417430
13 36 0.278313
13 37 -0.059415
13 38 -0.053418
13 39 0.086000
13 40 -0.232340
13 41 -0.430199
13 42 -0.112313
13 43 -0.312619
13 44 0.084089
13 45 -0.204103
13 46 -0.320078
13 47 0.073824
13 48 -0.022124
13 49 0.160417
13 50 0.244881
13 51 0.445569
13 52 -0.074593
13 53 0.229917
14 27 -0.319967
14 28 -0.249408
14 29 -0.169999
14 30 -0.124075
14 31 0.146264
14 32 -0.290049
14 33 -0.933988
14 34 0.315654
14 35 -0.177068
14 36 -0.291585
14 37 -0.059469
14 38 -0.151580
14 39 0.103117
14 40 0.036283
14 41 -0.042578
14 42 0.038320
14 43 -0.087693
14 44 -0.027435
14 45 -0.035512
14 46 -0.052097
14 47 0.011991
14 48 0.192385
14 49 -0.357845
14 50 -1.010612
14 51 0.915372
14 52 -0.114057
14 53 -0.172869
15 27 -0.240110
15 28 -0.080616
15 29 0.706797
15 30 -0.053345
15 31 0.046054
15 32 -0.599964
15 33 1.233424
15 34 -0.075874
15 35 -0.233781
15 36 0.102957
15 37 -0.169609
15 38 0.005237
15 39 -0.381203
15 40 -0.403847
15 41 -0.338084
15 42 -0.593207
15 43 -0.126659
15 44 0.009020
15 45 0.220585
15 46 -0.115638
15 47 -0.510959
15 48 -0.374420
15 49 -0.253929
15 50 -0.306323
15 51 -0.755477
15 52 -0.095839
15 53 0.363679
16 27 -0.688308
16 28 -0.236821
16 29 -0.442051
16 30 0.083465
16 31 0.119444
16 32 -0.331038
16 33 -0.233256
16 34 -0.499324
16 35 0.009293
16 36 0.253772
16 37 -0.005433
16 38 -0.067797
16 39 -0.271399
16 40 -0.066357
16 41 -0.159125
16 42 0.213596
16 43 0.019694
16 44 -0.016353
16 45 -0.987214
16 46 -0.004415
16 47 -0.081352
16 48 -0.486777
16 49 0.266731
16 50 -0.501691
16 51 -1.061936
16 52 0.079335
16 53 0.285039
17 27 0.883632
17 28 -0.468488
17 29 0.018277
17 30 -0.188473
17 31 -0.199254
17 32 -0.313978
17 33 -0.586988
17 34 0.372115
17 35 -0.347672
17 36 -0.378571
17 37 0.065991
17 38 -0.307268
17 39 -0.160868
17 40 -0.009270
17 41 -0.311409
17 42 -0.320706
17 43 -0.254896
17 44 -0.035690
17 45 0.247739
17 46 -0.177332
17 47 0.259750
17 48 0.321342
17 49 -0.709226
17 50 -0.066315
17 51 1.088352
17 52 -0.053695
17 53 -0.336189
18 27 -0.601701
18 28 0.195541
18 29 -0.035324
18 30 0.118353
18 31 0.284199
18 32 -0.021276
18 33 -0.764499
18 34 0.162194
18 35 0.109187
18 36 -0.261028
18 37 0.071464
18 38 0.118483
18 39 -0.261769
18 40 -0.062232
18 41 0.239831
18 42 0.328191
18 43 0.151475
18 44 -0.052838
18 45 0.109935
18 46 0.159936
18 47 -0.309836
18 48 0.104293
18 49 0.828073
18 50 -0.593025
18 51 0.151858
18 52 -0.029854
18 53 -0.202987
19 27 0.358383
19 28 -0.086791
19 29 -0.097553
19 30 0.118668
19 31 -0.171858
19 32 -0.148204
19 33 0.265927
19 34 -0.601409
19 35 0.037917
19 36 -0.381837
19 37 0.036422
19 38 -0.222613
19 39 -0.443132
19 40 0.169383
19 41 -0.003637
19 42 0.159396
19 43 0.018867
19 44 -0.041217
19 45 -0.057780
19 46 0.038043
19 47 0.337118
19 48 -0.459310
19 49 0.179560
19 50 -0.079979
19 51 -0.848172
19 52 -0.049562
19 53 -0.246968
20 27 0.145163
20 28 0.225099
20 29 0.194816
20 30 0.137724
20 31 0.115857
20 32 0.026488
20 33 -0.548900
20 34 -0.433392
20 35 0.040757
20 36 0.284907
20 37 -0.038363
20 38 -0.091399
20 39 0.022063
20 40 0.214291
20 41 0.039598
20 42 -0.161855
20 43 -0.042232
20 44 0.077576
20 45 -0.564758
20 46 -0.015305
20 47 -0.262433
20 48 -0.384898
20 49 -0.373699
20 50 -0.262420
20 51 -0.728737
20 52 0.016609
20 53 0.051120
21 27 -0.253790
21 28 0.417593
21 29 0.481019
21 30 -0.098761
21 31 -0.001436
21 32 0.103949
21 33 -0.685876
21 34 -0.269908
21 35 -0.253858
21 36 -0.445733
21 37 -0.261801
21 38 -0.215272
21 39 -0.137582
21 40 0.007922
21 41 -0.140677
21 42 0.050270
21 43 -0.145348
21 44 0.001059
21 45 -0.335051
21 46 -0.127810
21 47 0.109156
21 48 -0.188095
21 49 0.246766
21 50 0.451707
21 51 -0.322896
21 52 -0.072112
21 53 -0.401179
22 27 -0.317816
22 28 -0.138699
22 29 -0.339767
22 30 -0.184290
22 31 -0.073259
22 32 -0.148378
22 33 0.333710
22 34 -0.051636
22 35 -0.415394
22 36 -0.148784
22 37 -0.183809
22 38 -0.171560
22 39 0.202938
22 40 0.168460
22 41 -0.285254
22 42 -0.020824
22 43 -0.263850
22 44 0.096290
22 45 -0.466179
22 46 -0.283839
22 47 -0.444015
22 48 -0.194349
22 49 -0.115242
22 50 -0.236538
22 51 0.496701
22 52 -0.112963
22 53 0.070854
23 27 0.287387
23 28 0.302621
23 29 0.288271
23 30 -0.249393
23 31 0.013029
23 32 0.550113
23 33 -0.442612
23 34 -0.197489
23 35 -0.642407
23 36 -0.614789
23 37 -0.179191
23 38 -0.219748
23 39 -0.080147
23 40 0.052048
23 41 -0.445957
23 42 0.232487
23 43 -0.408646
23 44 -0.005397
23 45 -0.270630
23 46 -0.377657
23 47 0.528411
23 48 -0.270136
23 49 0.099983
23 50 -0.055073
23 51 -0.224311
23 52 0.030902
23 53 -0.522052
24 27 0.597416
24 28 -0.465751
24 29 0.851394
24 30 -0.273865
24 31 0.026654
24 32 -0.234177
24 33 0.078854
24 34 0.280956
24 35 -0.406123
24 36 0.612595
24 37 -0.226249
24 38 -0.134093
24 39 0.478345
24 40 -0.101224
24 41 -0.300651
24 42 -0.277994
24 43 -0.303938
24 44 -0.044411
24 45 -0.420208
24 46 -0.137239
24 47 1.953900
24 48 0.379128
24 49 0.313143
24 50 0.688255
24 51 -0.120316
24 52 0.156178
24 53 0.414696
25 27 0.360377
25 28 -0.160401
25 29 0.338067
25 30 -0.207222
25 31 -0.066531
25 32 -0.412076
25 33 0.204920
25 34 -0.402907
25 35 -0.222782
25 36 -0.406603
25 37 -0.184549
25 38 -0.138007
25 39 -0.281651
25 40 0.056809
25 41 -0.216147
25 42 -0.103185
25 43 -0.363748
25 44 -0.128175
25 45 -0.362915
25 46 -0.094516
25 47 0.359421
25 48 -0.357442
25 49 0.252506
25 50 0.439905
25 51 -0.722275
25 52 0.143337
25 53 -0.197931
26 27 0.302239
26 28 0.377918
26 29 0.594545
26 30 -0.214243
26 31 -0.084519
26 32 0.807776
26 33 -0.622035
26 34 0.044673
26 35 -0.538189
26 36 -0.785213
26 37 -0.193411
26 38 -0.142285
26 39 -0.208229
26 40 -0.002219
26 41 -0.151159
26 42 0.001524
26 43 -0.368383
26 44 -0.034829
26 45 0.246254
26 46 -0.334419
26 47 -0.324237
26 48 0.029318
26 49 0.166188
26 50 0.411345
26 51 0.295758
26 52 -0.072021
26 53 -0.534526
27 0 0.331616
27 1 -0.041670
27 2 -0.117313
27 3 -0.306923
27 4 -0.265655
27 5 -0.980701
27 6 0.429042
27 7 -0.260909
27 8 0.803531
27 9 -0.072444
27 10 -0.233336
27 11 0.186055
27 12 -0.190723
27 13 0.110177
27 14 -0.319967
27 15 -0.240110
27 16 -0.688308
27 17 0.883632
27 18 -0.601701
27 19 0.358383
27 20 0.145163
27 21 -0.253790
27 22 -0.317816
27 23 0.287387
27 24 0.597416
27 25 0.360377
27 26 0.302239
27 54 -0.282364
27 55 0.126692
27 56 -0.195332
27 57 -0.133281
27 58 0.292663
27 59 0.066128
27 60 -0.029686
27 61 0.024379
27 62 -0.157674
27 63 -0.272002
27 64 -0.307814
27 65 0.319734
27 66 -0.027544
27 67 -0.344092
27 68 -0.144292
27 69 -0.247047
27 70 -0.155492
27 71 -0.041519
27 72 0.133089
27 73 -0.040893
27 74 -0.362257
27 75 0.233643
27 76 0.339898
27 77 0.102280
27 78 -0.290234
27 79 -0.246157
27 80 0.090010
27 82 -0.022504
28 0 0.237852
28 1 -0.772552
28 2 0.069459
28 3 0.007670
28 4 -0.736597
28 5 0.866082
28 6 -0.033294
28 7 -0.114664
28 8 -0.391694
28 9 -0.211101
28 10 -0.262583
28 11 -0.314658
28 12 0.787064
28 13 -0.051470
28 14 -0.249408
28 15 -0.080616
28 16 -0.236821
28 17 -0.468488
28 18 0.195541
28 19 -0.086791
28 20 0.225099
28 21 0.417593
28 22 -0.138699
28 23 0.302621
28 24 -0.465751
28 25 -0.160401
28 26 0.377918
28 54 -0.068355
28 55 -0.027272
28 56 -0.032333
28 57 -0.006992
28 58 0.498508
28 59 0.029103
28 60 -0.016257
28 61 0.021471
28 62 -0.008645
28 63 -0.016371
28 64 -0.010667
28 65 0.494512
28 66 -0.081026
28 67 -0.129089
28 68 -0.049138
28 69 -0.105645
28 70 -0.027113
28 71 -0.101883
28 72 0.157302
28 73 -0.004147
28 74 -0.088773
28 75 0.301164
28 76 0.502302
28 77 -0.044677
28 78 -0.009807
28 79 -0.063246
28 80 -0.062838
28 82 0.045221
29 0 0.015787
29 1 -0.519520
29 2 0.589955
29 3 -0.392645
29 4 0.718043
29 5 -0.609070
29 6 -0.499798
29 7 0.200685
29 8 1.126270
29 9 -0.586087
29 10 0.302100
29 11 -0.552257
29 12 -0.386082
29 13 0.607435
29 14 -0.169999
29 15 0.706797
29 16 -0.442051
29 17 0.018277
29 18 -0.035324
29 19 -0.097553
29 20 0.194816
29 21 0.481019
29 22 -0.339767
29 23 0.288271
29 24 0.851394
29 25 0.338067
29 26 0.594545
29 54 -0.335253
29 55 -0.011949
29 56 -0.214684
29 57 -0.147564
29 58 0.219802
29 59 -0.098542
29 60 -0.035857
29 61 0.051401
29 62 -0.236017
29 63 -0.401372
29 64 -0.228006
29 65 0.255701
29 66 -0.115717
29 67 -0.426396
29 68 -0.047615
29 69 -0.294062
29 70 -0.264735
29 71 -0.121493
29 72 0.168876
29 73 0.017161
29 74 -0.387636
29 75 0.306651
29 76 0.224660
29 77 0.252331
29 78 -0.231882
29 79 -0.232286
29 80 0.109964
29 82 0.041990
30 0 -0.417458
30 1 0.307281
30 2 -0.414505
30 3 0.283292
30 4 -0.443118
30 5 0.295911
30 6 -0.045583
30 7 -0.036040
30 8 0.166873
30 9 -0.339137
30 10 0.012168
30 11 -0.072686
30 12 -0.128234
30 13 -0.124073
30 14 -0.124075
30 15 -0.053345
30 16 0.083465
30 17 -0.188473
30 18 0.118353
30 19 0.118668
30 20 0.137724
30 21 -0.098761
30 22 -0.184290
30 23 -0.249393
30 24 -0.273865
30 25 -0.207222
30 26 -0.214243
30 54 0.043130
30 55 0.026243
30 56 0.091562
30 57 -0.032950
30 58 -0.018892
30 59 0.097284
30 60 0.066430
30 61 -0.020919
30 62 0.151583
30 63 0.110849
30 64 0.178624
30 65 -0.051593
30 66 -0.025767
30 67 0.254670
30 68 0.083381
30 69 0.116127
30 70 0.215015
30 71 0.138417
30 72 -0.080318
30 73 0.196465
30 74 0.226199
30 75 -0.133958
30 76 -0.161280
30 77 0.045374
30 78 0.120154
30 79 0.185578
30 80 -0.022418
30 82 -0.073168
31 0 -0.194121
31 1 0.091741
31 2 -0.027515
31 3 0.025819
31 4 -0.168159
31 5 -0.246688
31 6 -0.151330
31 7 -0.023430
31 8 -0.027386
31 9 0.047876
31 10 0.017652
31 11 -0.167565
31 12 -0.063381
31 13 0.047081
31 14 0.146264
31 15 0.046054
31 16 0.119444
31 17 -0.199254
31 18 0.284199
31 19 -0.171858
31 20 0.115857
31 21 -0.001436
31 22 -0.073259
31 23 0.013029
31 24 0.026654
31 25 -0.066531
31 26 -0.084519
31 54 -0.028333
31 55 0.114180
31 56 -0.159452
31 57 -0.024288
31 58 0.139432
31 59 -0.010484
31 60 -0.101565
31 61 0.047344
31 62 -0.025087
31 63 -0.187624
31 64 -0.113600
31 65 0.166322
31 66 -0.013400
31 67 -0.036376
31 68 0.047663
31 69 -0.070823
31 70 -0.050934
31 71 0.001708
31 72 -0.004329
31 73 0.026861
31 74 -0.051885
31 75 -0.042421
31 76 0.012702
31 77 -0.019871
31 78 -0.116398
31 79 0.036098
31 80 0.048184
31 82 0.033528
32 0 0.090788
32 1 -0.696998
32 2 -0.073372
32 3 -0.039768
32 4 0.219792
32 5 -0.439634
32 6 -0.088378
32 7 -0.275699
32 8 0.013563
32 9 0.002649
32 10 -0.872839
32 11 0.109448
32 12 -0.240988
32 13 -0.006606
32 14 -0.290049
32 15 -0.599964
32 16 -0.331038
32 17 -0.313978
32 18 -0.021276
32 19 -0.148204
32 20 0.026488
32 21 0.103949
32 22 -0.148378
32 23 0.550113
32 24 -0.234177
32 25 -0.412076
32 26 0.807776
32 54 -0.202116
32 55 0.052645
32 56 -0.132571
32 57 -0.202058
32 58 0.196601
32 59 -0.024356
32 60 -0.058493
32 61 -0.129432
32 62 -0.280627
32 63 -0.290213
32 64 -0.117990
32 65 0.236270
32 66 -0.094312
32 67 -0.156298
32 68 -0.093499
32 69 -0.178787
32 70 -0.093086
32 71 0.002396
32 72 0.012128
32 73 -0.054441
32 74 -0.327781
32 75 0.228230
32 76 0.143800
32 77 0.087567
32 78 -0.085259
32 79 -0.191506
32 80 -0.020498
32 82 0.055322
33 0 -0.177386
33 1 0.130332
33 2 -1.004716
33 3 1.098351
33 4 0.637183
33 5 -0.894006
33 6 -0.093099
33 7 0.358771
33 8 -0.642174
33 9 0.536140
33 10 0.314523
33 11 -0.560774
33 12 0.008515
33 13 -0.052795
33 14 -0.933988
33 15 1.233424
33 16 -0.233256
33 17 -0.586988
33 18 -0.764499
33 19 0.265927
33 20 -0.548900
33 21 -0.685876
33 22 0.333710
33 23 -0.442612
33 24 0.078854
33 25 0.204920
33 26 -0.622035
33 54 0.438103
33 55 -0.000752
33 56 0.352051
33 57 0.289889
33 58 -0.159641
33 59 0.069428
33 60 0.232960
33 61 0.100523
33 62 0.228785
33 63 0.543620
33 64 0.466834
33 65 -0.021707
33 66 0.246942
33 67 0.601502
33 68 0.172744
33 69 0.338941
33 70 0.405645
33 71 0.235015
33 72 -0.011843
33 73 -0.187881
33 74 0.592460
33 75 -0.005126
33 76 -0.034956
33 77 -0.006613
33 78 0.403832
33 79 0.256529
33 80 0.010603
33 82 0.099992
34 0 -0.688743
34 1 0.295830
34 2 0.508556
34 3 -0.595696
34 4 -0.151714
34 5 0.157200
34 6 0.315188
34 7 0.109675
34 8 -0.585695
34 9 0.288320
34 10 0.012070
34 11 0.411089
34 12 -0.038250
34 13 0.252924
34 14 0.315654
34 15 -0.075874
34 16 -0.499324
34 17 0.372115
34 18 0.162194
34 19 -0.601409
34 20 -0.433392
34 21 -0.269908
34 22 -0.051636
34 23 -0.197489
34 24 0.280956
34 25 -0.402907
34 26 0.044673
34 54 0.200648
34 55 -0.016230
34 56 0.217384
34 57 0.130223
34 58 -0.012949
34 59 -0.051530
34 60 0.152981
34 61 -0.035631
34 62 0.210237
34 63 0.143466
34 64 0.267631
34 65 -0.079616
34 66 0.154840
34 67 0.280415
34 68 0.054212
34 69 0.195424
34 70 0.157761
34 71 0.157231
34 72 -0.088718
34 73 -0.116172
34 74 0.139628
34 75 -0.052126
34 76 -0.017794
34 77 -0.084320
34 78 0.162242
34 79 0.233038
34 80 -0.062232
34 82 0.079167
35 0 -0.776071
35 1 0.605944
35 2 -0.833151
35 3 0.607832
35 4 -0.864084
35 5 0.630036
35 6 -0.032079
35 7 0.068083
35 8 0.528476
35 9 -0.337098
35 10 0.066719
35 11 -0.235248
35 12 -0.352584
35 13 -0.417430
35 14 -0.177068
35 15 -0.233781
35 16 0.009293
35 17 -0.347672
35 18 0.109187
35 19 0.037917
35 20 0.040757
35 21 -0.253858
35 22 -0.415394
35 23 -0.642407
35 24 -0.406123
35 25 -0.222782
35 26 -0.538189
35 54 0.272926
35 55 -0.008126
35 56 0.260252
35 57 0.172803
35 58 -0.250094
35 59 0.074694
35 60 0.158067
35 61 0.047784
35 62 0.229651
35 63 0.325293
35 64 0.313308
35 65 -0.296567
35 66 0.147739
35 67 0.246453
35 68 0.130258
35 69 0.072957
35 70 0.204465
35 71 0.057105
35 72 -0.122123
35 73 0.215659
35 74 0.183425
35 75 -0.101710
35 76 -0.436615
35 77 -0.074633
35 78 0.267317
35 79 0.226317
35 80 0.055357
35 82 0.074162
36 0 0.035470
36 1 -0.268092
36 2 0.093779
36 3 -0.333447
36 4 -1.194860
36 5 0.810177
36 6 -0.056577
36 7 -0.112953
36 8 -0.251760
36 9 0.055474
36 10 0.171190
36 11 -0.344187
36 12 -1.239445
36 13 0.278313
36 14 -0.291585
36 15 0.102957
36 16 0.253772
36 17 -0.378571
36 18 -0.261028
36 19 -0.381837
36 20 0.284907
36 21 -0.445733
36 22 -0.148784
36 23 -0.614789
36 24 0.612595
36 25 -0.406603
36 26 -0.785213
36 54 0.285620
36 55 -0.152756
36 56 0.062451
36 57 0.193867
36 58 -0.324024
36 59 0.086861
36 60 -0.002807
36 61 0.152458
36 62 0.256857
36 63 0.297796
36 64 0.277018
36 65 0.024611
36 66 0.047629
36 67 0.347858
36 68 0.156951
36 69 0.221458
36 70 0.213038
36 71 0.163476
36 72 0.009731
36 73 0.195009
36 74 0.344239
36 75 0.017657
36 76 0.015341
36 77 -0.124719
36 78 0.082818
36 79 0.113107
36 80 -0.016877
36 82 0.098339
37 0 -0.321030
37 1 0.269419
37 2 -0.422078
37 3 0.170814
37 4 -0.522931
37 5 0.193422
37 6 0.101915
37 7 0.092038
37 8 0.190137
37 9 -0.234220
37 10 0.006021
37 11 0.041529
37 12 0.030921
37 13 -0.059415
37 14 -0.059469
37 15 -0.169609
37 16 -0.005433
37 17 0.065991
37 18 0.071464
37 19 0.036422
37 20 -0.038363
37 21 -0.261801
37 22 -0.183809
37 23 -0.179191
37 24 -0.226249
37 25 -0.184549
37 26 -0.193411
37 54 0.002530
37 55 0.036990
37 56 0.172667
37 57 0.144256
37 58 0.088270
37 59 0.090027
37 60 -0.041716
37 61 -0.016891
37 62 0.026013
37 63 0.179164
37 64 0.217145
37 65 0.064871
37 66 0.035232
37 67 0.206539
37 68 0.131309
37 69 0.057542
37 70 0.019325
37 71 0.098819
37 72 0.075751
37 73 0.175956
37 74 0.146427
37 75 -0.105150
37 76 -0.168314
37 77 0.001965
37 78 0.178844
37 79 0.092470
37 80 -0.003742
37 82 0.059740
38 0 -0.420952
38 1 0.126596
38 2 -0.266776
38 3 0.437465
38 4 -0.560975
38 5 0.072283
38 6 -0.048267
38 7 -0.082254
38 8 0.205327
38 9 -0.204096
38 10 -0.107988
38 11 -0.173364
38 12 -0.147061
38 13 -0.053418
38 14 -0.151580
38 15 0.005237
38 16 -0.067797
38 17 -0.307268
38 18 0.118483
38 19 -0.222613
38 20 -0.091399
38 21 -0.215272
38 22 -0.171560
38 23 -0.219748
38 24 -0.134093
38 25 -0.138007
38 26 -0.142285
38 54 0.160933
38 55 -0.047040
38 56 0.148053
38 57 0.001188
38 58 -0.097253
38 59 0.043321
38 60 -0.020233
38 61 0.028481
38 62 -0.029484
38 63 0.055660
38 64 0.131286
38 65 -0.142801
38 66 0.042283
38 67 0.059149
38 68 -0.012733
38 69 0.015878
38 70 0.146017
38 71 -0.032387
38 72 0.002751
38 73 0.154231
38 74 0.156857
38 75 -0.011604
38 76 -0.151268
38 77 -0.096507
38 78 0.148365
38 79 0.066973
38 80 -0.003301
38 82 0.093987
39 0 0.195060
39 1 -0.402788
39 2 0.089213
39 3 -0.231355
39 4 -0.422340
39 5 0.572372
39 6 -0.192691
39 7 -0.081404
39 8 -0.344118
39 9 0.124126
39 10 -0.212885
39 11 0.083960
39 12 -0.564418
39 13 0.086000
39 14 0.103117
39 15 -0.381203
39 16 -0.271399
39 17 -0.160868
39 18 -0.261769
39 19 -0.443132
39 20 0.022063
39 21 -0.137582
39 22 0.202938
39 23 -0.080147
39 24 0.478345
39 25 -0.281651
39 26 -0.208229
39 54 0.321641
39 55 0.070270
39 56 0.097385
39 57 0.147334
39 58 -0.002495
39 59 -0.030016
39 60 0.141088
39 61 -0.023424
39 62 0.176857
39 63 0.383323
39 64 0.175338
39 65 -0.154119
39 66 0.190369
39 67 0.375223
39 68 -0.034854
39 69 0.281860
39 70 0.289124
39 71 0.172461
39 72 -0.053003
39 73 0.006179
39 74 0.349561
39 75 -0.056451
39 76 -0.140175
39 77 -0.037164
39 78 0.273438
39 79 0.119366
39 80 0.068215
39 82 0.094663
40 0 0.041954
40 1 -0.169080
40 2 -0.286845
40 3 -0.113085
40 4 -0.235842
40 5 -0.027741
40 6 0.191893
40 7 -0.056431
40 8 -0.252171
40 9 0.012787
40 10 -0.190166
40 11 -0.015716
40 12 0.095007
40 13 -0.232340
40 14 0.036283
40 15 -0.403847
40 16 -0.066357
40 17 -0.009270
40 18 -0.062232
40 19 0.169383
40 20 0.214291
40 21 0.007922
40 22 0.168460
40 23 0.052048
40 24 -0.101224
40 25 0.056809
40 26 -0.002219
40 54 -0.164162
40 55 0.042336
40 56 -0.098109
40 57 0.032249
40 58 0.244778
40 59 0.030996
40 60 -0.116205
40 61 -0.101390
40 62 0.008976
40 63 0.019586
40 64 0.000934
40 65 0.256513
40 66 -0.052500
40 67 -0.037162
40 68 -0.093391
40 69 0.016494
40 70 -0.121177
40 71 -0.012884
40 72 0.105013
40 73 0.001435
40 74 0.001784
40 75 0.153219
40 76 0.152105
40 77 -0.005731
40 78 -0.010697
40 79 0.038713
40 80 -0.037621
40 82 -0.042578
41 0 -0.297922
41 1 0.406852
41 2 -0.620526
41 3 0.221208
41 4 -0.684067
41 5 0.508956
41 6 -0.024124
41 7 -0.077993
41 8 0.379782
41 9 -0.501268
41 10 -0.090528
41 11 0.252780
41 12 -0.122856
41 13 -0.430199
41 14 -0.042578
41 15 -0.338084
41 16 -0.159125
41 17 -0.311409
41 18 0.239831
41 19 -0.003637
41 20 0.039598
41 21 -0.140677
41 22 -0.285254
41 23 -0.445957
41 24 -0.300651
41 25 -0.216147
41 26 -0.151159
41 54 0.226972
41 55 -0.082133
41 56 0.227912
41 57 0.170836
41 58 -0.052757
41 59 0.054393
41 60 0.008881
41 61 0.038472
41 62 0.156670
41 63 0.252196
41 64 0.245122
41 65 -0.143631
41 66 0.151682
41 67 0.271451
41 68 -0.011595
41 69 0.178342
41 70 0.103865
41 71 0.014928
41 72 -0.040315
41 73 0.213135
41 74 0.265368
41 75 -0.071100
41 76 -0.110028
41 77 0.016475
41 78 0.218915
41 79 0.169595
41 80 -0.103195
41 82 -0.025925
42 0 -0.424332
42 1 -0.098561
42 2 -0.158177
42 3 -0.248470
42 4 -0.394259
42 5 0.006986
42 6 -0.207447
42 7 -0.154801
42 8 -0.146685
42 9 0.407027
42 10 -0.105888
42 11 -0.116222
42 12 0.003511
42 13 -0.112313
42 14 0.038320
42 15 -0.593207
42 16 0.213596
42 17 -0.320706
42 18 0.328191
42 19 0.159396
42 20 -0.161855
42 21 0.050270
42 22 -0.020824
42 23 0.232487
42 24 -0.277994
42 25 -0.103185
42 26 0.001524
42 54 -0.102178
42 55 0.100471
42 56 -0.049960
42 57 -0.074542
42 58 0.122464
42 59 -0.028400
42 60 -0.032576
42 61 0.053060
42 62 -0.044697
42 63 -0.154625
42 64 -0.272394
42 65 0.169018
42 66 0.004397
42 67 -0.224743
42 68 -0.129998
42 69 -0.136871
42 70 -0.127587
42 71 0.038444
42 72 0.127491
42 73 -0.064529
42 74 -0.213363
42 75 0.031068
42 76 0.172175
42 77 -0.078358
42 78 -0.221547
42 79 -0.011764
42 80 0.031199
42 82 0.086121
43 0 -0.436086
43 1 0.463203
43 2 -0.578225
43 3 0.298640
43 4 -0.509615
43 5 0.325656
43 6 -0.013180
43 7 0.082445
43 8 0.328124
43 9 -0.339977
43 10 0.137951
43 11 -0.269275
43 12 -0.165825
43 13 -0.312619
43 14 -0.087693
43 15 -0.126659
43 16 0.019694
43 17 -0.254896
43 18 0.151475
43 19 0.018867
43 20 -0.042232
43 21 -0.145348
43 22 -0.263850
43 23 -0.408646
43 24 -0.303938
43 25 -0.363748
43 26 -0.368383
43 54 0.157466
43 55 0.058799
43 56 0.200472
43 57 0.174336
43 58 -0.044525
43 59 -0.015070
43 60 -0.016738
43 61 0.113276
43 62 0.081004
43 63 0.278227
43 64 0.219410
43 65 -0.149939
43 66 0.154872
43 67 0.241238
43 68 0.080265
43 69 0.201056
43 70 0.223207
43 71 0.132870
43 72 0.045010
43 73 0.210213
43 74 0.243134
43 75 -0.106402
43 76 -0.184769
43 77 -0.091541
43 78 0.029756
43 79 0.185251
43 80 0.027245
43 82 0.096420
44 0 -0.083267
44 1 0.040345
44 2 -0.108724
44 3 -0.015579
44 4 -0.079664
44 5 0.106712
44 6 0.005722
44 7 0.099633
44 8 0.032118
44 9 -0.199011
44 10 -0.084407
44 11 0.167760
44 12 0.021582
44 13 0.084089
44 14 -0.027435
44 15 0.009020
44 16 -0.016353
44 17 -0.035690
44 18 -0.052838
44 19 -0.041217
44 20 0.077576
44 21 0.001059
44 22 0.096290
44 23 -0.005397
44 24 -0.044411
44 25 -0.128175
44 26 -0.034829
44 54 0.105495
44 55 0.009153
44 56 0.117184
44 57 -0.083240
44 58 0.028332
44 59 0.090723
44 60 -0.105349
44 61 0.039961
44 62 -0.001340
44 63 0.127453
44 64 0.080198
44 65 0.108199
44 66 0.100471
44 67 -0.031917
44 68 0.090875
44 69 0.129709
44 70 0.124544
44 71 -0.026465
44 72 0.013718
44 73 -0.099662
44 74 0.108717
44 75 -0.032993
44 76 0.044565
44 77 0.109182
44 78 -0.007179
44 79 -0.042613
44 80 0.045907
44 82 0.015095
45 0 -0.625190
45 1 0.597340
45 2 -0.194248
45 3 -0.699115
45 4 0.361541
45 5 -0.311448
45 6 -0.100382
45 7 0.045840
45 8 -0.515171
45 9 0.472331
45 10 0.090201
45 11 0.253203
45 12 -0.042182
45 13 -0.204103
45 14 -0.035512
45 15 0.220585
45 16 -0.987214
45 17 0.247739
45 18 0.109935
45 19 -0.057780
45 20 -0.564758
45 21 -0.335051
45 22 -0.466179
45 23 -0.270630
45 24 -0.420208
45 25 -0.362915
45 26 0.246254
45 54 0.207343
45 55 -0.093134
45 56 0.254804
45 57 0.093904
45 58 -0.229979
45 59 0.050231
45 60 0.078306
45 61 -0.077867
45 62 0.242526
45 63 0.297083
45 64 0.250080
45 65 -0.137852
45 66 -0.081252
45 67 0.303000
45 68 0.125211
45 69 0.171432
45 70 0.049978
45 71 0.161458
45 72 -0.110450
45 73 -0.135053
45 74 0.136430
45 75 0.024660
45 76 -0.137496
45 77 -0.000491
45 78 0.234118
45 79 0.190173
45 80 0.094394
45 82 0.083095
46 0 -0.439096
46 1 0.389286
46 2 -0.422509
46 3 0.291624
46 4 -0.497731
46 5 0.313053
46 6 -0.011717
46 7 -0.040362
46 8 0.341111
46 9 -0.309979
46 10 0.006798
46 11 -0.080615
46 12 -0.150405
46 13 -0.320078
46 14 -0.052097
46 15 -0.115638
46 16 -0.004415
46 17 -0.177332
46 18 0.159936
46 19 0.038043
46 20 -0.015305
46 21 -0.127810
46 22 -0.283839
46 23 -0.377657
46 24 -0.137239
46 25 -0.094516
46 26 -0.334419
46 54 0.196953
46 55 -0.117020
46 56 0.073975
46 57 0.130452
46 58 -0.205859
46 59 0.027446
46 60 0.061247
46 61 0.137426
46 62 0.135073
46 63 0.055493
46 64 0.235842
46 65 -0.184270
46 66 0.143681
46 67 0.118235
46 68 0.089852
46 69 0.023020
46 70 0.100387
46 71 0.132518
46 72 -0.118028
46 73 0.198868
46 74 0.212675
46 75 -0.000845
46 76 -0.110624
46 77 0.041484
46 78 0.205403
46 79 0.178993
46 80 -0.015657
46 82 -0.067347
47 0 -0.523009
47 1 0.642875
47 2 -0.254511
47 3 -0.473976
47 4 0.211939
47 5 -2.282150
47 6 -0.064173
47 7 -0.342061
47 8 1.164647
47 9 0.172369
47 10 -0.037030
47 11 0.052605
47 12 -1.031446
47 13 0.073824
47 14 0.011991
47 15 -0.510959
47 16 -0.081352
47 17 0.259750
47 18 -0.309836
47 19 0.337118
47 20 -0.262433
47 21 0.109156
47 22 -0.444015
47 23 0.528411
47 24 1.953900
47 25 0.359421
47 26 -0.324237
47 54 -0.447965
47 55 0.163988
47 56 -0.446120
47 57 -0.366979
47 58 0.103745
47 59 -0.010226
47 60 -0.063997
47 61 -0.098628
47 62 -0.137543
47 63 -0.557181
47 64 -0.238290
47 65 0.407248
47 66 -0.078584
47 67 -0.588851
47 68 -0.058212
47 69 -0.309094
47 70 -0.395681
47 71 -0.032791
47 72 0.115339
47 73 0.058899
47 74 -0.524121
47 75 0.131529
47 76 0.329639
47 77 0.018823
47 78 -0.492349
47 79 -0.064675
47 80 0.001131
47 82 0.043010
48 0 -0.336554
48 1 0.176658
48 2 0.288903
48 3 -0.428972
48 4 -0.236840
48 5 0.142767
48 6 0.229647
48 7 0.059354
48 8 -0.377096
48 9 0.291785
48 10 -0.047806
48 11 0.453579
48 12 -0.240339
48 13 -0.022124
48 14 0.192385
48 15 -0.374420
48 16 -0.486777
48 17 0.321342
48 18 0.104293
48 19 -0.459310
48 20 -0.384898
48 21 -0.188095
48 22 -0.194349
48 23 -0.270136
48 24 0.379128
48 25 -0.357442
48 26 0.029318
48 54 0.196855
48 55 0.095058
48 56 0.108731
48 57 0.118957
48 58 0.016561
48 59 0.064354
48 60 -0.024663
48 61 -0.075657
48 62 0.057751
48 63 0.273649
48 64 0.251723
48 65 0.009151
48 66 0.022455
48 67 0.210584
48 68 0.085176
48 69 0.160434
48 70 0.192836
48 71 0.093845
48 72 0.016469
48 73 -0.132130
48 74 0.214784
48 75 -0.133229
48 76 -0.156232
48 77 -0.086988
48 78 0.173717
48 79 0.089097
48 80 0.022788
48 82 0.093991
49 0 -0.522272
49 1 -0.347525
49 2 -0.163519
49 3 -0.274496
49 4 0.880910
49 5 -0.201292
49 6 -0.342129
49 7 -0.085039
49 8 0.091159
49 9 -0.599951
49 10 -0.341898
49 11 -0.049593
49 12 -0.553424
49 13 0.160417
49 14 -0.357845
49 15 -0.253929
49 16 0.266731
49 17 -0.709226
49 18 0.828073
49 19 0.179560
49 20 -0.373699
49 21 0.246766
49 22 -0.115242
49 23 0.099983
49 24 0.313143
49 25 0.252506
49 26 0.166188
49 54 -0.407338
49 55 -0.022488
49 56 -0.162650
49 57 -0.114351
49 58 0.193321
49 59 0.031039
49 60 -0.059681
49 61 -0.014184
49 62 -0.207439
49 63 -0.291802
49 64 -0.343841
49 65 0.069747
49 66 -0.098653
49 67 -0.342141
49 68 -0.031488
49 69 -0.161676
49 70 -0.118372
49 71 -0.263802
49 72 0.079002
49 73 -0.061991
49 74 -0.309537
49 75 0.149868
49 76 0.090806
49 77 0.168939
49 78 -0.310266
49 79 -0.078631
49 80 0.110543
49 82 -0.016905
50 0 0.306458
50 1 -0.112442
50 2 -0.295724
50 3 0.222171
50 4 0.113645
50 5 0.635884
50 6 0.040771
50 7 0.035899
50 8 0.526447
50 9 -1.675681
50 10 0.256599
50 11 -0.794603
50 12 -0.910498
50 13 0.244881
50 14 -1.010612
50 15 -0.306323
50 16 -0.501691
50 17 -0.066315
50 18 -0.593025
50 19 -0.079979
50 20 -0.262420
50 21 0.451707
50 22 -0.236538
50 23 -0.055073
50 24 0.688255
50 25 0.439905
50 26 0.411345
50 54 -0.378350
50 55 0.165105
50 56 -0.181419
50 57 -0.193723
50 58 0.293261
50 59 0.059776
50 60 -0.104006
50 61 0.002991
50 62 -0.242279
50 63 -0.403422
50 64 -0.414883
50 65 0.491929
50 66 -0.176772
50 67 -0.419899
50 68 -0.053382
50 69 -0.272965
50 70 -0.329631
50 71 -0.064676
50 72 0.149438
50 73 -0.065379
50 74 -0.487622
50 75 0.339815
50 76 0.513497
50 77 0.254880
50 78 -0.289802
50 79 -0.101851
50 80 -0.024382
50 82 -0.002439
51 0 -1.395442
51 1 0.523892
51 2 0.676010
51 3 -1.225668
51 4 0.556612
51 5 -0.120922
51 6 0.202875
51 7 0.320463
51 8 -1.306308
51 9 -0.021395
51 10 0.143042
51 11 0.602109
51 12 0.060932
51 13 0.445569
51 14 0.915372
51 15 -0.755477
51 16 -1.061936
51 17 1.088352
51 18 0.151858
51 19 -0.848172
51 20 -0.728737
51 21 -0.322896
51 22 0.496701
51 23 -0.224311
51 24 -0.120316
51 25 -0.722275
51 26 0.295758
51 54 0.243093
51 55 -0.114253
51 56 0.241243
51 57 0.255064
51 58 -0.422344
51 59 0.047562
51 60 0.173501
51 61 -0.103663
51 62 0.345013
51 63 0.360995
51 64 0.425918
51 65 -0.610153
51 66 -0.006760
51 67 0.306375
51 68 0.201064
51 69 0.198353
51 70 0.218042
51 71 0.138661
51 72 -0.138428
51 73 -0.089443
51 74 0.310385
51 75 -0.199167
51 76 -0.462227
51 77 -0.025017
51 78 0.309247
51 79 0.329228
51 80 -0.099293
51 82 0.004789
52 0 -0.015468
52 1 -0.151537
52 2 0.043190
52 3 0.162681
52 4 -0.060835
52 5 0.078800
52 6 -0.021707
52 7 0.094325
52 8 -0.093741
52 9 0.017674
52 10 0.006112
52 11 -0.014619
52 12 -0.140708
52 13 -0.074593
52 14 -0.114057
52 15 -0.095839
52 16 0.079335
52 17 -0.053695
52 18 -0.029854
52 19 -0.049562
52 20 0.016609
52 21 -0.072112
52 22 -0.112963
52 23 0.030902
52 24 0.156178
52 25 0.143337
52 26 -0.072021
52 54 -0.027044
52 55 0.012127
52 56 0.143801
52 57 0.002712
52 58 -0.031437
52 59 0.097304
52 60 -0.073898
52 61 -0.035064
52 62 0.021315
52 63 0.108750
52 64 0.064947
52 65 0.029027
52 66 0.099243
52 67 0.183318
52 68 -0.090018
52 69 0.165488
52 70 0.039613
52 71 -0.042806
52 72 -0.057318
52 73 -0.073717
52 74 0.144127
52 75 0.030580
52 76 0.065622
52 77 0.093376
52 78 0.039544
52 79 0.121205
52 80 0.014911
52 82 0.086945
53 0 -0.101988
53 1 0.142785
53 2 -0.234988
53 3 0.220544
53 4 -0.744085
53 5 0.591741
53 6 0.246673
53 7 -0.086077
53 8 0.028966
53 9 0.090211
53 10 0.448001
53 11 -0.178513
53 12 -0.617719
53 13 0.229917
53 14 -0.172869
53 15 0.363679
53 16 0.285039
53 17 -0.336189
53 18 -0.202987
53 19 -0.246968
53 20 0.051120
53 21 -0.401179
53 22 0.070854
53 23 -0.522052
53 24 0.414696
53 25 -0.197931
53 26 -0.534526
53 54 0.078719
53 55 -0.128712
53 56 0.157284
53 57 0.050472
53 58 -0.121445
53 59 0.025135
53 60 0.042465
53 61 0.117790
53 62 0.097102
53 63 0.172139
53 64 0.216602
53 65 -0.004350
53 66 0.108090
53 67 0.180458
53 68 -0.021953
53 69 0.097967
53 70 0.148871
53 71 -0.024179
53 72 -0.129994
53 73 0.062669
53 74 0.082527
53 75 0.000618
53 76 -0.016144
53 77 -0.241268
53 78 0.139572
53 79 0.037916
53 80 0.048692
53 82 0.008562
54 27 -0.282364
54 28 -0.068355
54 29 -0.335253
54 30 0.043130
54 31 -0.028333
54 32 -0.202116
54 33 0.438103
54 34 0.200648
54 35 0.272926
54 36 0.285620
54 37 0.002530
54 38 0.160933
54 39 0.321641
54 40 -0.164162
54 41 0.226972
54 42 -0.102178
54 43 0.157466
54 44 0.105495
54 45 0.207343
54 46 0.196953
54 47 -0.447965
54 48 0.196855
54 49 -0.407338
54 50 -0.378350
54 51 0.243093
54 52 -0.027044
54 53 0.078719
54 81 0.312185
54 83 0.059121
55 27 0.126692
55 28 -0.027272
55 29 -0.011949
55 30 0.026243
55 31 0.114180
55 32 0.052645
55 33 -0.000752
55 34 -0.016230
55 35 -0.008126
55 36 -0.152756
55 37 0.036990
55 38 -0.047040
55 39 0.070270
55 40 0.042336
55 41 -0.082133
55 42 0.100471
55 43 0.058799
55 44 0.009153
55 45 -0.093134
55 46 -0.117020
55 47 0.163988
55 48 0.095058
55 49 -0.022488
55 50 0.165105
55 51 -0.114253
55 52 0.012127
55 53 -0.128712
55 81 -0.112582
55 83 -0.001336
56 27 -0.195332
56 28 -0.032333
56 29 -0.214684
56 30 0.091562
56 31 -0.159452
56 32 -0.132571
56 33 0.352051
56 34 0.217384
56 35 0.260252
56 36 0.062451
56 37 0.172667
56 38 0.148053
56 39 0.097385
56 40 -0.098109
56 41 0.227912
56 42 -0.049960
56 43 0.200472
56 44 0.117184
56 45 0.254804
56 46 0.073975
56 47 -0.446120
56 48 0.108731
56 49 -0.162650
56 50 -0.181419
56 51 0.241243
56 52 0.143801
56 53 0.157284
56 81 0.230481
56 83 0.098956
57 27 -0.133281
57 28 -0.006992
57 29 -0.147564
57 30 -0.032950
57 31 -0.024288
57 32 -0.202058
57 33 0.289889
57 34 0.130223
57 35 0.172803
57 36 0.193867
57 37 0.144256
57 38 0.001188
57 39 0.147334
57 40 0.032249
57 41 0.170836
57 42 -0.074542
57 43 0.174336
57 44 -0.083240
57 45 0.093904
57 46 0.130452
57 47 -0.366979
57 48 0.118957
57 49 -0.114351
57 50 -0.193723
57 51 0.255064
57 52 0.002712
57 53 0.050472
57 81 0.180657
57 83 -0.094053
58 27 0.292663
58 28 0.498508
58 29 0.219802
58 30 -0.018892
58 31 0.139432
58 32 0.196601
58 33 -0.159641
58 34 -0.012949
58 35 -0.250094
58 36 -0.324024
58 37 0.088270
58 38 -0.097253
58 39 -0.002495
58 40 0.244778
58 41 -0.052757
58 42 0.122464
58 43 -0.044525
58 44 0.028332
58 45 -0.229979
58 46 -0.205859
58 47 0.103745
58 48 0.016561
58 49 0.193321
58 50 0.293261
58 51 -0.422344
58 52 -0.031437
58 53 -0.121445
58 81 -0.377398
58 83 -0.092491
59 27 0.066128
59 28 0.029103
59 29 -0.098542
59 30 0.097284
59 31 -0.010484
59 32 -0.024356
59 33 0.069428
59 34 -0.051530
59 35 0.074694
59 36 0.086861
59 37 0.090027
59 38 0.043321
59 39 -0.030016
59 40 0.030996
59 41 0.054393
59 42 -0.028400
59 43 -0.015070
59 44 0.090723
59 45 0.050231
59 46 0.027446
59 47 -0.010226
59 48 0.064354
59 49 0.031039
59 50 0.059776
59 51 0.047562
59 52 0.097304
59 53 0.025135
59 81 0.025209
59 83 -0.015388
60 27 -0.029686
60 28 -0.016257
60 29 -0.035857
60 30 0.066430
60 31 -0.101565
60 32 -0.058493
60 33 0.232960
60 34 0.152981
60 35 0.158067
60 36 -0.002807
60 37 -0.041716
60 38 -0.020233
60 39 0.141088
60 40 -0.116205
60 41 0.008881
60 42 -0.032576
60 43 -0.016738
60 44 -0.105349
60 45 0.078306
60 46 0.061247
60 47 -0.063997
60 48 -0.024663
60 49 -0.059681
60 50 -0.104006
60 51 0.173501
60 52 -0.073898
60 53 0.042465
60 81 0.099587
60 83 -0.013883
61 27 0.024379
61 28 0.021471
61 29 0.051401
61 30 -0.020919
61 31 0.047344
61 32 -0.129432
61 33 0.100523
61 34 -0.035631
61 35 0.047784
61 36 0.152458
61 37 -0.016891
61 38 0.028481
61 39 -0.023424
61 40 -0.101390
61 41 0.038472
61 42 0.053060
61 43 0.113276
61 44 0.039961
61 45 -0.077867
61 46 0.137426
61 47 -0.098628
61 48 -0.075657
61 49 -0.014184
61 50 0.002991
61 51 -0.103663
61 52 -0.035064
61 53 0.117790
61 81 0.064041
61 83 -0.028197
62 27 -0.157674
62 28 -0.008645
62 29 -0.236017
62 30 0.151583
62 31 -0.025087
62 32 -0.280627
62 33 0.228785
62 34 0.210237
62 35 0.229651
62 36 0.256857
62 37 0.026013
62 38 -0.029484
62 39 0.176857
62 40 0.008976
62 41 0.156670
62 42 -0.044697
62 43 0.081004
62 44 -0.001340
62 45 0.242526
62 46 0.135073
62 47 -0.137543
62 48 0.057751
62 49 -0.207439
62 50 -0.242279
62 51 0.345013
62 52 0.021315
62 53 0.097102
62 81 0.213790
62 83 0.097380
63 27 -0.272002
63 28 -0.016371
63 29 -0.401372
63 30 0.110849
63 31 -0.187624
63 32 -0.290213
63 33 0.543620
63 34 0.143466
63 35 0.325293
63 36 0.297796
63 37 0.179164
63 38 0.055660
63 39 0.383323
63 40 0.019586
63 41 0.252196
63 42 -0.154625
63 43 0.278227
63 44 0.127453
63 45 0.297083
63 46 0.055493
63 47 -0.557181
63 48 0.273649
63 49 -0.291802
63 50 -0.403422
63 51 0.360995
63 52 0.108750
63 53 0.172139
63 81 0.363830
63 83 -0.098581
64 27 -0.307814
64 28 -0.010667
64 29 -0.228006
64 30 0.178624
64 31 -0.113600
64 32 -0.117990
64 33 0.466834
64 34 0.267631
64 35 0.313308
64 36 0.277018
64 37 0.217145
64 38 0.131286
64 39 0.175338
64 40 0.000934
64 41 0.245122
64 42 -0.272394
64 43 0.219410
64 44 0.080198
64 45 0.250080
64 46 0.235842
64 47 -0.238290
64 48 0.251723
64 49 -0.343841
64 50 -0.414883
64 51 0.425918
64 52 0.064947
64 53 0.216602
64 81 0.328879
64 83 -0.098140
65 27 0.319734
65 28 0.494512
65 29 0.255701
65 30 -0.051593
65 31 0.166322
65 32 0.236270
65 33 -0.021707
65 34 -0.079616
65 35 -0.296567
65 36 0.024611
65 37 0.064871
65 38 -0.142801
65 39 -0.154119
65 40 0.256513
65 41 -0.143631
65 42 0.169018
65 43 -0.149939
65 44 0.108199
65 45 -0.137852
65 46 -0.184270
65 47 0.407248
65 48 0.009151
65 49 0.069747
65 50 0.491929
65 51 -0.610153
65 52 0.029027
65 53 -0.004350
65 81 -0.394194
65 83 0.036522
66 27 -0.027544
66 28 -0.081026
66 29 -0.115717
66 30 -0.025767
66 31 -0.013400
66 32 -0.094312
66 33 0.246942
66 34 0.154840
66 35 0.147739
66 36 0.047629
66 37 0.035232
66 38 0.042283
66 39 0.190369
66 40 -0.052500
66 41 0.151682
66 42 0.004397
66 43 0.154872
66 44 0.100471
66 45 -0.081252
66 46 0.143681
66 47 -0.078584
66 48 0.022455
66 49 -0.098653
66 50 -0.176772
66 51 -0.006760
66 52 0.099243
66 53 0.108090
66 81 0.123217
66 83 -0.025426
67 27 -0.344092
67 28 -0.129089
67 29 -0.426396
67 30 0.254670
67 31 -0.036376
67 32 -0.156298
67 33 0.601502
67 34 0.280415
67 35 0.246453
67 36 0.347858
67 37 0.206539
67 38 0.059149
67 39 0.375223
67 40 -0.037162
67 41 0.271451
67 42 -0.224743
67 43 0.241238
67 44 -0.031917
67 45 0.303000
67 46 0.118235
