3080
0 27 -0.016594
0 28 0.065530
0 29 -0.778379
0 30 -0.107966
0 31 0.331342
0 32 0.023855
0 33 0.428130
0 34 0.018822
0 35 -0.477425
0 36 0.023073
0 37 0.445991
0 38 -0.392523
0 39 0.450690
0 40 0.108779
0 41 -0.197068
0 42 -0.832973
0 43 0.097654
0 44 -0.193925
0 45 -0.031412
0 46 -0.238105
0 47 0.389115
0 48 0.769209
0 49 0.222374
0 50 -1.096326
0 51 0.107935
0 52 0.075271
0 53 -0.258432
1 27 -0.148330
1 28 0.391835
1 29 -0.620543
1 30 0.022916
1 31 -0.474307
1 32 -0.040922
1 33 -1.532840
1 34 -0.077075
1 35 0.090120
1 36 0.120141
1 37 -0.734892
1 38 1.322865
1 39 -0.611183
1 40 -1.419930
1 41 0.647740
1 42 -0.757272
1 43 -0.061024
1 44 -0.958368
1 45 -0.075637
1 46 0.212395
1 47 -0.540236
1 48 -1.097880
1 49 -0.368360
1 50 0.548684
1 51 -0.053560
1 52 0.095870
1 53 -0.028346
2 27 0.045529
2 28 -0.136776
2 29 -0.760746
2 30 -0.250879
2 31 -0.531557
2 32 -0.090879
2 33 -0.147607
2 34 0.004806
2 35 0.549807
2 36 -0.063731
2 37 -0.532527
2 38 -0.402996
2 39 0.000564
2 40 -0.069287
2 41 -0.381744
2 42 -0.788117
2 43 0.082182
2 44 0.047700
2 45 -0.115427
2 46 0.157740
2 47 1.326201
2 48 0.386027
2 49 -0.937092
2 50 -0.246304
2 51 -0.007744
2 52 -0.305696
2 53 -0.208996
3 27 0.206514
3 28 0.131893
3 29 -0.315044
3 30 0.492820
3 31 0.681019
3 32 0.032548
3 33 1.398676
3 34 0.006604
3 35 -0.071029
3 36 -0.022589
3 37 0.862743
3 38 -0.472408
3 39 -0.094809
3 40 -0.939717
3 41 0.747737
3 42 1.223094
3 43 0.033009
3 44 0.042958
3 45 0.132089
3 46 -0.492004
3 47 -0.508861
3 48 -0.664488
3 49 0.012340
3 50 -0.647580
3 51 0.173219
3 52 0.135453
3 53 0.202661
4 27 0.175413
4 28 -0.212594
4 29 -0.767496
4 30 -0.244532
4 31 0.148360
4 32 -0.011869
4 33 -0.041844
4 34 -0.034315
4 35 0.359437
4 36 0.022167
4 37 0.250475
4 38 -0.197768
4 39 -0.604055
4 40 -1.179319
4 41 -0.500010
4 42 -0.416446
4 43 0.028818
4 44 0.584844
4 45 -0.095413
4 46 0.091518
4 47 1.270912
4 48 -0.654795
4 49 0.773558
4 50 -0.695789
4 51 -0.036945
4 52 0.236039
4 53 -0.177090
5 27 0.047869
5 28 0.356645
5 29 -0.290004
5 30 0.383232
5 31 -1.826661
5 32 -0.094135
5 33 -0.027943
5 34 -0.048012
5 35 -0.182683
5 36 -0.144345
5 37 -0.034214
5 38 0.041280
5 39 -0.098356
5 40 0.775746
5 41 0.943736
5 42 -0.036699
5 43 -0.013061
5 44 -0.909975
5 45 0.073263
5 46 -0.707128
5 47 -1.164810
5 48 0.624860
5 49 -0.322845
5 50 1.021664
5 51 -0.126094
5 52 -0.640144
5 53 -0.313089
6 27 -0.046552
6 28 0.029342
6 29 -0.075409
6 30 0.414086
6 31 -0.120361
6 32 -0.031715
6 33 0.351443
6 34 -0.097257
6 35 -0.254368
6 36 0.040567
6 37 -0.257615
6 38 0.819463
6 39 -0.171326
6 40 0.952208
6 41 0.428602
6 42 0.280336
6 43 -0.235799
6 44 0.407379
6 45 -0.157773
6 46 -0.284034
6 47 0.085307
6 48 0.330704
6 49 -0.469457
6 50 -0.494232
6 51 0.029886
6 52 -0.074305
6 53 -0.096102
7 27 0.186528
7 28 -0.039321
7 29 -0.025276
7 30 0.220579
7 31 -0.242730
7 32 -0.020749
7 33 0.007689
7 34 0.094033
7 35 -0.800616
7 36 -0.060640
7 37 -0.154881
7 38 -0.531396
7 39 -0.035991
7 40 -0.141837
7 41 -0.341295
7 42 -0.180749
7 43 -0.164850
7 44 -0.247520
7 45 -0.085028
7 46 -0.461540
7 47 0.695021
7 48 0.179032
7 49 -0.508399
7 50 -0.444617
7 51 0.128952
7 52 -0.234833
7 53 -0.772861
8 27 -0.096817
8 28 0.162876
8 29 -0.258190
8 30 0.319831
8 31 -0.111088
8 32 -0.057790
8 33 -0.321828
8 34 -0.073175
8 35 0.434277
8 36 0.037848
8 37 -0.499350
8 38 -0.043226
8 39 0.507732
8 40 1.239901
8 41 0.780432
8 42 0.052569
8 43 0.132419
8 44 0.115053
8 45 0.140050
8 46 1.770815
8 47 -0.322068
8 48 -1.101119
8 49 -0.341225
8 50 -0.695340
8 51 0.044571
8 52 -0.146483
8 53 -0.137218
9 27 0.039723
9 28 0.394921
9 29 0.880650
9 30 -0.277218
9 31 0.457965
9 32 -0.100497
9 33 0.330337
9 34 -0.044075
9 35 -1.126408
9 36 -0.018701
9 37 -0.293480
9 38 0.634970
9 39 -0.303815
9 40 -1.076436
9 41 0.515614
9 42 -1.105250
9 43 -0.148970
9 44 0.144396
9 45 0.049123
9 46 -1.398842
9 47 0.974126
9 48 0.802994
9 49 -0.535094
9 50 0.461691
9 51 0.007162
9 52 0.188514
9 53 -0.786392
10 27 0.017552
10 28 0.524060
10 29 -0.245492
10 30 0.193541
10 31 -0.002346
10 32 -0.079381
10 33 -0.150610
10 34 0.044742
10 35 0.359742
10 36 -0.032808
10 37 -0.101215
10 38 0.600986
10 39 -0.482895
10 40 -0.855531
10 41 0.975612
10 42 -0.038557
10 43 -0.056203
10 44 0.143671
10 45 0.336197
10 46 0.245583
10 47 -0.382928
10 48 0.220480
10 49 0.034076
10 50 -0.764072
10 51 0.013772
10 52 0.156817
10 53 0.089987
11 27 -0.078802
11 28 -0.287543
11 29 0.485016
11 30 -0.294432
11 31 -0.461154
11 32 0.062222
11 33 -1.154633
11 34 -0.013735
11 35 0.063077
11 36 0.124264
11 37 -0.650061
11 38 -0.669813
11 39 0.866504
11 40 2.119588
11 41 -0.298081
11 42 -0.595801
11 43 -0.025595
11 44 0.449235
11 45 -0.094231
11 46 -0.837778
11 47 1.095914
11 48 -0.507150
11 49 0.416644
11 50 -1.079782
11 51 -0.126292
11 52 -0.160855
11 53 0.987717
12 27 -0.224058
12 28 -0.535989
12 29 0.788299
12 30 -0.605116
12 31 -0.196827
12 32 0.103650
12 33 0.587465
12 34 -0.075270
12 35 -0.560290
12 36 -0.058741
12 37 0.286024
12 38 0.569052
12 39 0.165313
12 40 0.316921
12 41 -0.377834
12 42 0.337423
12 43 -0.215735
12 44 -0.590744
12 45 -0.115207
12 46 -0.780163
12 47 0.066321
12 48 -1.223948
12 49 -0.184994
12 50 0.418269
12 51 -0.090898
12 52 -0.311768
12 53 -0.254873
13 27 0.197248
13 28 0.336984
13 29 -0.569944
13 30 0.269660
13 31 0.744918
13 32 0.054638
13 33 -0.409987
13 34 -0.084239
13 35 1.257749
13 36 -0.015679
13 37 -0.375182
13 38 0.044426
13 39 -0.099011
13 40 -0.384525
13 41 0.203537
13 42 -0.404759
13 43 -0.070405
13 44 0.731243
13 45 0.046710
13 46 1.757866
13 47 0.708680
13 48 0.783663
13 49 -0.176857
13 50 -0.805643
13 51 -0.038331
13 52 0.216114
13 53 -0.140032
14 27 -0.097470
14 28 0.510639
14 29 0.422877
14 30 0.258645
14 31 -0.096021
14 32 -0.019165
14 33 -0.520476
14 34 0.018179
14 35 -0.384826
14 36 0.004649
14 37 -0.287311
14 38 -0.172802
14 39 -0.083261
14 40 -0.551037
14 41 0.323771
14 42 -0.606781
14 43 -0.128095
14 44 -0.659886
14 45 0.246917
14 46 -0.330813
14 47 0.465037
14 48 -0.216127
14 49 -0.729517
14 50 0.553042
14 51 0.063811
14 52 -0.159686
14 53 -0.030463
15 27 0.103822
15 28 0.006301
15 29 0.059451
15 30 0.062890
15 31 0.201416
15 32 0.031258
15 33 0.072302
15 34 0.067714
15 35 0.050661
15 36 0.017249
15 37 0.069909
15 38 -0.167878
15 39 0.012287
15 40 -0.177545
15 41 0.001145
15 42 -0.031875
15 43 -0.013875
15 44 0.090418
15 45 0.050913
15 46 -0.256415
15 47 -0.392838
15 48 -0.247947
15 49 0.119696
15 50 -0.118235
15 51 -0.067729
15 52 -0.021976
15 53 0.223617
16 27 -0.030476
16 28 0.266443
16 29 0.508163
16 30 0.294641
16 31 -0.092889
16 32 0.029340
16 33 -0.998698
16 34 0.052242
16 35 -0.528962
16 36 -0.068450
16 37 -0.305645
16 38 -0.659391
16 39 -0.718487
16 40 -1.837273
16 41 0.220729
16 42 -0.301015
16 43 -0.127949
16 44 -0.237948
16 45 0.104577
16 46 -1.505432
16 47 -0.902940
16 48 0.559933
16 49 0.347822
16 50 0.291582
16 51 -0.048426
16 52 0.088901
16 53 0.348359
17 27 -0.005854
17 28 0.150084
17 29 -0.216041
17 30 -0.390038
17 31 0.290571
17 32 0.064059
17 33 0.750441
17 34 0.050185
17 35 -0.023181
17 36 0.107320
17 37 -0.036307
17 38 0.386339
17 39 -0.127199
17 40 1.082500
17 41 -0.148348
17 42 -0.669992
17 43 -0.022791
17 44 0.552441
17 45 -0.060620
17 46 1.289216
17 47 1.176182
17 48 -0.517082
17 49 -0.182575
17 50 -0.756914
17 51 0.077141
17 52 -0.039202
17 53 -0.292063
18 27 0.000039
18 28 -0.220571
18 29 0.045839
18 30 -0.154147
18 31 -0.788902
18 32 0.045031
18 33 -1.105465
18 34 -0.098323
18 35 0.117116
18 36 0.082611
18 37 -0.723094
18 38 -0.221029
18 39 -0.236301
18 40 -0.552658
18 41 -0.478700
18 42 1.260881
18 43 0.011025
18 44 -0.592328
18 45 0.093160
18 46 0.123638
18 47 -0.201856
18 48 -0.476224
18 49 -0.264516
18 50 0.081819
18 51 -0.098537
18 52 -0.067190
18 53 -0.099414
19 27 0.215584
19 28 0.527697
19 29 0.221741
19 30 0.541252
19 31 1.868694
19 32 -0.071610
19 33 1.202052
19 34 -0.089272
19 35 -0.117881
19 36 0.128388
19 37 0.728841
19 38 1.510058
19 39 -0.247115
19 40 -1.006499
19 41 0.767010
19 42 -0.490980
19 43 0.029101
19 44 1.353479
19 45 0.112363
19 46 -0.597701
19 47 -0.675928
19 48 -0.388016
19 49 0.317967
19 50 -0.954605
19 51 -0.052919
19 52 0.247196
19 53 -0.004898
20 27 0.133973
20 28 -0.428382
20 29 0.193158
20 30 0.528140
20 31 -0.814468
20 32 0.097771
20 33 -0.288066
20 34 -0.087250
20 35 -0.458045
20 36 0.044581
20 37 -0.052439
20 38 -0.378492
20 39 0.508881
20 40 -0.334851
20 41 -0.524614
20 42 1.314035
20 43 -0.139740
20 44 -0.477865
20 45 0.141954
20 46 -0.753951
20 47 -0.553314
20 48 0.320644
20 49 -0.411645
20 50 0.480721
20 51 -0.014249
20 52 -0.148750
20 53 -0.530911
21 27 -0.002595
21 28 -0.243645
21 29 -0.107585
21 30 -0.082889
21 31 0.377402
21 32 0.107605
21 33 0.120418
21 34 0.028516
21 35 0.279219
21 36 0.042647
21 37 0.262287
21 38 -0.446348
21 39 -0.158358
21 40 -0.469773
21 41 -0.546421
21 42 -0.155169
21 43 0.122911
21 44 -0.106149
21 45 0.011563
21 46 0.310377
21 47 0.228839
21 48 0.171226
21 49 0.317863
21 50 0.450796
21 51 0.011045
21 52 0.058621
21 53 0.171927
22 27 -0.014702
22 28 0.288658
22 29 0.779381
22 30 0.038751
22 31 -0.064769
22 32 0.010453
22 33 -0.020377
22 34 0.006865
22 35 -0.806604
22 36 -0.064191
22 37 0.032359
22 38 0.056578
22 39 -0.236288
22 40 -0.778367
22 41 -0.234078
22 42 -0.285861
22 43 -0.124466
22 44 -0.279579
22 45 0.174254
22 46 -0.869810
22 47 0.633741
22 48 0.778855
22 49 0.137241
22 50 0.208787
22 51 0.090378
22 52 0.109669
22 53 0.319451
23 27 -0.266680
23 28 -0.670869
23 29 0.072137
23 30 -0.557366
23 31 0.258449
23 32 0.072830
23 33 -0.099487
23 34 0.028206
23 35 -0.082909
23 36 -0.098764
23 37 0.146136
23 38 -0.418759
23 39 -0.273521
23 40 1.220783
23 41 -0.625084
23 42 -0.035110
23 43 0.037267
23 44 -0.149710
23 45 -0.237104
23 46 -0.072943
23 47 0.308367
23 48 -0.320938
23 49 -0.159276
23 50 0.424425
23 51 -0.009864
23 52 -0.155985
23 53 0.102587
24 27 0.025421
24 28 0.324973
24 29 -0.442061
24 30 0.292602
24 31 0.828738
24 32 0.074684
24 33 -0.733031
24 34 0.039236
24 35 1.044065
24 36 -0.035703
24 37 -0.047913
24 38 -0.256547
24 39 -0.071943
24 40 -0.350651
24 41 0.438167
24 42 -0.373600
24 43 0.087667
24 44 -0.006787
24 45 0.018068
24 46 0.644875
24 47 0.317862
24 48 0.584091
24 49 0.126296
24 50 -0.963174
24 51 0.055427
24 52 0.483459
24 53 0.863580
25 27 -0.005328
25 28 -0.330119
25 29 -0.000006
25 30 -0.011512
25 31 0.010247
25 32 0.077692
25 33 0.297358
25 34 0.100439
25 35 0.226585
25 36 -0.081410
25 37 0.187388
25 38 -0.375993
25 39 -0.044791
25 40 -0.457613
25 41 -0.160430
25 42 -0.053810
25 43 0.059188
25 44 0.388999
25 45 -0.063741
25 46 0.235505
25 47 -0.684013
25 48 -0.309710
25 49 0.391077
25 50 0.057391
25 51 -0.061825
25 52 -0.017656
25 53 -0.098747
26 27 -0.112844
26 28 0.029357
26 29 -0.593382
26 30 -0.343907
26 31 -0.552079
26 32 -0.056162
26 33 0.824848
26 34 0.101753
26 35 0.675750
26 36 0.071988
26 37 0.466575
26 38 -0.011976
26 39 0.582233
26 40 1.329668
26 41 0.496354
26 42 -0.341042
26 43 -0.079430
26 44 -0.016678
26 45 -0.075726
26 46 0.990547
26 47 0.754764
26 48 -0.692490
26 49 0.200407
26 50 -0.063153
26 51 0.156433
26 52 -0.317232
26 53 -0.171849
27 0 -0.016594
27 1 -0.148330
27 2 0.045529
27 3 0.206514
27 4 0.175413
27 5 0.047869
27 6 -0.046552
27 7 0.186528
27 8 -0.096817
27 9 0.039723
27 10 0.017552
27 11 -0.078802
27 12 -0.224058
27 13 0.197248
27 14 -0.097470
27 15 0.103822
27 16 -0.030476
27 17 -0.005854
27 18 0.000039
27 19 0.215584
27 20 0.133973
27 21 -0.002595
27 22 -0.014702
27 23 -0.266680
27 24 0.025421
27 25 -0.005328
27 26 -0.112844
27 54 0.156328
27 55 0.057186
27 56 0.172408
27 57 0.083742
27 58 0.146097
27 59 -0.093640
27 60 0.099019
27 61 0.086951
27 62 0.175184
27 63 0.113715
27 64 0.076595
27 65 0.101666
27 66 0.080566
27 67 -0.039636
27 68 -0.069743
27 69 0.198197
27 70 0.162407
27 71 0.091259
27 72 0.151018
27 73 0.051966
27 74 -0.014222
27 75 0.257389
27 76 -0.001960
27 77 0.056924
27 78 0.157450
27 79 0.026287
27 80 0.025772
27 82 -0.093110
28 0 0.065530
28 1 0.391835
28 2 -0.136776
28 3 0.131893
28 4 -0.212594
28 5 0.356645
28 6 0.029342
28 7 -0.039321
28 8 0.162876
28 9 0.394921
28 10 0.524060
28 11 -0.287543
28 12 -0.535989
28 13 0.336984
28 14 0.510639
28 15 0.006301
28 16 0.266443
28 17 0.150084
28 18 -0.220571
28 19 0.527697
28 20 -0.428382
28 21 -0.243645
28 22 0.288658
28 23 -0.670869
28 24 0.324973
28 25 -0.330119
28 26 0.029357
28 54 0.560805
28 55 0.119096
28 56 0.304260
28 57 0.047638
28 58 0.196893
28 59 -0.053193
28 60 0.258235
28 61 0.060407
28 62 0.228395
28 63 0.182182
28 64 0.017855
28 65 0.063197
28 66 0.179300
28 67 -0.071720
28 68 0.067724
28 69 0.306703
28 70 0.117410
28 71 -0.037464
28 72 0.044973
28 73 -0.033457
28 74 -0.108055
28 75 0.294675
28 76 -0.072832
28 77 0.072900
28 78 0.525825
28 79 -0.058487
28 80 0.633945
28 82 -0.804013
29 0 -0.778379
29 1 -0.620543
29 2 -0.760746
29 3 -0.315044
29 4 -0.767496
29 5 -0.290004
29 6 -0.075409
29 7 -0.025276
29 8 -0.258190
29 9 0.880650
29 10 -0.245492
29 11 0.485016
29 12 0.788299
29 13 -0.569944
29 14 0.422877
29 15 0.059451
29 16 0.508163
29 17 -0.216041
29 18 0.045839
29 19 0.221741
29 20 0.193158
29 21 -0.107585
29 22 0.779381
29 23 0.072137
29 24 -0.442061
29 25 -0.000006
29 26 -0.593382
29 54 -0.411104
29 55 -0.123832
29 56 -0.200224
29 57 0.181646
29 58 -0.135760
29 59 -0.112855
29 60 0.172743
29 61 0.162494
29 62 -0.022599
29 63 -0.010997
29 64 0.281884
29 65 0.134002
29 66 -0.021827
29 67 -0.030563
29 68 0.018837
29 69 -0.342949
29 70 -0.028825
29 71 0.008406
29 72 -0.058977
29 73 0.350814
29 74 0.368243
29 75 -0.099051
29 76 0.274662
29 77 -0.053569
29 78 -0.199696
29 79 0.259674
29 80 -0.683737
29 82 -0.275074
30 0 -0.107966
30 1 0.022916
30 2 -0.250879
30 3 0.492820
30 4 -0.244532
30 5 0.383232
30 6 0.414086
30 7 0.220579
30 8 0.319831
30 9 -0.277218
30 10 0.193541
30 11 -0.294432
30 12 -0.605116
30 13 0.269660
30 14 0.258645
30 15 0.062890
30 16 0.294641
30 17 -0.390038
30 18 -0.154147
30 19 0.541252
30 20 0.528140
30 21 -0.082889
30 22 0.038751
30 23 -0.557366
30 24 0.292602
30 25 -0.011512
30 26 -0.343907
30 54 0.500499
30 55 0.148421
30 56 0.357111
30 57 0.015125
30 58 0.053476
30 59 0.044843
30 60 0.022013
30 61 0.031887
30 62 0.215343
30 63 0.089815
30 64 -0.027430
30 65 -0.161424
30 66 0.006867
30 67 0.098093
30 68 0.046108
30 69 0.251961
30 70 0.078690
30 71 -0.077850
30 72 0.061943
30 73 -0.011879
30 74 -0.066630
30 75 0.304193
30 76 -0.103543
30 77 0.013648
30 78 0.347666
30 79 -0.013897
30 80 0.468795
30 82 -0.032275
31 0 0.331342
31 1 -0.474307
31 2 -0.531557
31 3 0.681019
31 4 0.148360
31 5 -1.826661
31 6 -0.120361
31 7 -0.242730
31 8 -0.111088
31 9 0.457965
31 10 -0.002346
31 11 -0.461154
31 12 -0.196827
31 13 0.744918
31 14 -0.096021
31 15 0.201416
31 16 -0.092889
31 17 0.290571
31 18 -0.788902
31 19 1.868694
31 20 -0.814468
31 21 0.377402
31 22 -0.064769
31 23 0.258449
31 24 0.828738
31 25 0.010247
31 26 -0.552079
31 54 -0.637013
31 55 -0.135003
31 56 -0.460718
31 57 0.287413
31 58 -0.029476
31 59 -0.034901
31 60 0.453556
31 61 0.254540
31 62 -0.129501
31 63 -0.299775
31 64 0.468904
31 65 0.279734
31 66 -0.179407
31 67 -0.040139
31 68 0.184428
31 69 -0.390405
31 70 -0.104329
31 71 0.153758
31 72 -0.180195
31 73 0.437441
31 74 0.621846
31 75 -0.224543
31 76 0.384824
31 77 0.055587
31 78 -0.388007
31 79 0.095393
31 80 -0.581251
31 82 0.606948
32 0 0.023855
32 1 -0.040922
32 2 -0.090879
32 3 0.032548
32 4 -0.011869
32 5 -0.094135
32 6 -0.031715
32 7 -0.020749
32 8 -0.057790
32 9 -0.100497
32 10 -0.079381
32 11 0.062222
32 12 0.103650
32 13 0.054638
32 14 -0.019165
32 15 0.031258
32 16 0.029340
32 17 0.064059
32 18 0.045031
32 19 -0.071610
32 20 0.097771
32 21 0.107605
32 22 0.010453
32 23 0.072830
32 24 0.074684
32 25 0.077692
32 26 -0.056162
32 54 0.009401
32 55 0.091456
32 56 0.032659
32 57 0.012765
32 58 -0.071179
32 59 0.102864
32 60 0.096538
32 61 -0.008545
32 62 -0.009833
32 63 0.071773
32 64 -0.086961
32 65 0.093991
32 66 -0.016368
32 67 -0.038746
32 68 0.061830
32 69 0.105802
32 70 -0.069422
32 71 0.096872
32 72 0.070781
32 73 0.120833
32 74 0.004181
32 75 0.107311
32 76 -0.009884
32 77 0.016439
32 78 -0.043736
32 79 -0.001046
32 80 -0.103645
32 82 -0.085850
33 0 0.428130
33 1 -1.532840
33 2 -0.147607
33 3 1.398676
33 4 -0.041844
33 5 -0.027943
33 6 0.351443
33 7 0.007689
33 8 -0.321828
33 9 0.330337
33 10 -0.150610
33 11 -1.154633
33 12 0.587465
33 13 -0.409987
33 14 -0.520476
33 15 0.072302
33 16 -0.998698
33 17 0.750441
33 18 -1.105465
33 19 1.202052
33 20 -0.288066
33 21 0.120418
33 22 -0.020377
33 23 -0.099487
33 24 -0.733031
33 25 0.297358
33 26 0.824848
33 54 -0.954074
33 55 -0.001337
33 56 -0.421309
33 57 0.267610
33 58 -0.183001
33 59 0.059179
33 60 0.378722
33 61 -0.055395
33 62 -0.316110
33 63 -0.133571
33 64 0.309320
33 65 0.239435
33 66 -0.226188
33 67 0.047169
33 68 0.098756
33 69 -0.396543
33 70 -0.122534
33 71 0.141620
33 72 -0.094007
33 73 0.399194
33 74 0.528333
33 75 -0.525333
33 76 0.228521
33 77 0.057337
33 78 -0.522628
33 79 0.176740
33 80 -0.702623
33 82 -0.067036
34 0 0.018822
34 1 -0.077075
34 2 0.004806
34 3 0.006604
34 4 -0.034315
34 5 -0.048012
34 6 -0.097257
34 7 0.094033
34 8 -0.073175
34 9 -0.044075
34 10 0.044742
34 11 -0.013735
34 12 -0.075270
34 13 -0.084239
34 14 0.018179
34 15 0.067714
34 16 0.052242
34 17 0.050185
34 18 -0.098323
34 19 -0.089272
34 20 -0.087250
34 21 0.028516
34 22 0.006865
34 23 0.028206
34 24 0.039236
34 25 0.100439
34 26 0.101753
34 54 0.100704
34 55 0.044728
34 56 0.161110
34 57 0.091835
34 58 0.113366
34 59 -0.048954
34 60 0.016655
34 61 -0.069016
34 62 -0.036431
34 63 -0.052093
34 64 0.067132
34 65 0.086154
34 66 0.106663
34 67 0.057801
34 68 0.084166
34 69 0.103608
34 70 -0.015759
34 71 0.006624
34 72 -0.021797
34 73 0.111271
34 74 0.068773
34 75 0.104886
34 76 0.007557
34 77 -0.005501
34 78 0.007314
34 79 0.069866
34 80 0.103729
34 82 -0.017371
35 0 -0.477425
35 1 0.090120
35 2 0.549807
35 3 -0.071029
35 4 0.359437
35 5 -0.182683
35 6 -0.254368
35 7 -0.800616
35 8 0.434277
35 9 -1.126408
35 10 0.359742
35 11 0.063077
35 12 -0.560290
35 13 1.257749
35 14 -0.384826
35 15 0.050661
35 16 -0.528962
35 17 -0.023181
35 18 0.117116
35 19 -0.117881
35 20 -0.458045
35 21 0.279219
35 22 -0.806604
35 23 -0.082909
35 24 1.044065
35 25 0.226585
35 26 0.675750
35 54 -0.791288
35 55 -0.037147
35 56 -0.213087
35 57 -0.080222
35 58 -0.052791
35 59 0.134356
35 60 -0.132027
35 61 -0.000366
35 62 -0.187901
35 63 -0.070869
35 64 -0.037668
35 65 -0.016203
35 66 -0.225388
35 67 0.029800
35 68 -0.089306
35 69 -0.357486
35 70 -0.124850
35 71 -0.005114
35 72 -0.069940
35 73 0.236032
35 74 0.151036
35 75 -0.160129
35 76 0.065337
35 77 -0.039910
35 78 -0.521588
35 79 0.107602
35 80 -0.657728
35 82 0.215142
36 0 0.023073
36 1 0.120141
36 2 -0.063731
36 3 -0.022589
36 4 0.022167
36 5 -0.144345
36 6 0.040567
36 7 -0.060640
36 8 0.037848
36 9 -0.018701
36 10 -0.032808
36 11 0.124264
36 12 -0.058741
36 13 -0.015679
36 14 0.004649
36 15 0.017249
36 16 -0.068450
36 17 0.107320
36 18 0.082611
36 19 0.128388
36 20 0.044581
36 21 0.042647
36 22 -0.064191
36 23 -0.098764
36 24 -0.035703
36 25 -0.081410
36 26 0.071988
36 54 0.006888
36 55 0.113540
36 56 0.002431
36 57 -0.023172
36 58 -0.006814
36 59 -0.063274
36 60 0.127047
36 61 0.111725
36 62 0.096277
36 63 0.133321
36 64 0.109935
36 65 -0.005413
36 66 0.055312
36 67 0.091305
36 68 0.115044
36 69 0.170705
36 70 -0.044096
36 71 0.014385
36 72 0.017360
36 73 0.134485
36 74 0.071179
36 75 0.111432
36 76 0.067216
36 77 0.082425
36 78 0.075275
36 79 0.119380
36 80 -0.055855
36 82 -0.106660
37 0 0.445991
37 1 -0.734892
37 2 -0.532527
37 3 0.862743
37 4 0.250475
37 5 -0.034214
37 6 -0.257615
37 7 -0.154881
37 8 -0.499350
37 9 -0.293480
37 10 -0.101215
37 11 -0.650061
37 12 0.286024
37 13 -0.375182
37 14 -0.287311
37 15 0.069909
37 16 -0.305645
37 17 -0.036307
37 18 -0.723094
37 19 0.728841
37 20 -0.052439
37 21 0.262287
37 22 0.032359
37 23 0.146136
37 24 -0.047913
37 25 0.187388
37 26 0.466575
37 54 -0.781722
37 55 -0.027522
37 56 -0.195993
37 57 -0.083557
37 58 -0.040510
37 59 0.073031
37 60 0.096786
37 61 0.038045
37 62 -0.262281
37 63 -0.075175
37 64 0.027964
37 65 -0.009606
37 66 -0.276264
37 67 -0.020372
37 68 0.077415
37 69 -0.346020
37 70 -0.044459
37 71 0.049882
37 72 0.008640
37 73 -0.116343
37 74 0.070845
37 75 -0.452665
37 76 -0.091620
37 77 0.074353
37 78 -0.609095
37 79 0.041123
37 80 -0.773532
37 82 0.324327
38 0 -0.392523
38 1 1.322865
38 2 -0.402996
38 3 -0.472408
38 4 -0.197768
38 5 0.041280
38 6 0.819463
38 7 -0.531396
38 8 -0.043226
38 9 0.634970
38 10 0.600986
38 11 -0.669813
38 12 0.569052
38 13 0.044426
38 14 -0.172802
38 15 -0.167878
38 16 -0.659391
38 17 0.386339
38 18 -0.221029
38 19 1.510058
38 20 -0.378492
38 21 -0.446348
38 22 0.056578
38 23 -0.418759
38 24 -0.256547
38 25 -0.375993
38 26 -0.011976
38 54 0.793667
38 55 0.070910
38 56 0.373494
38 57 -0.290773
38 58 0.154840
38 59 -0.104501
38 60 -0.108386
38 61 0.082042
38 62 0.289541
38 63 0.174672
38 64 0.057617
38 65 -0.049566
38 66 0.271188
38 67 0.103842
38 68 0.080878
38 69 0.453793
38 70 0.146091
38 71 -0.013065
38 72 0.131584
38 73 -0.149065
38 74 -0.168914
38 75 0.406934
38 76 -0.086108
38 77 0.083803
38 78 0.636455
38 79 -0.200388
38 80 0.937825
38 82 -0.761092
39 0 0.450690
39 1 -0.611183
39 2 0.000564
39 3 -0.094809
39 4 -0.604055
39 5 -0.098356
39 6 -0.171326
39 7 -0.035991
39 8 0.507732
39 9 -0.303815
39 10 -0.482895
39 11 0.866504
39 12 0.165313
39 13 -0.099011
39 14 -0.083261
39 15 0.012287
39 16 -0.718487
39 17 -0.127199
39 18 -0.236301
39 19 -0.247115
39 20 0.508881
39 21 -0.158358
39 22 -0.236288
39 23 -0.273521
39 24 -0.071943
39 25 -0.044791
39 26 0.582233
39 54 0.656409
39 55 0.109175
39 56 0.393825
39 57 -0.011432
39 58 0.164608
39 59 0.003233
39 60 -0.203619
39 61 0.036624
39 62 0.052426
39 63 0.220828
39 64 -0.155481
39 65 -0.019109
39 66 0.037634
39 67 -0.066070
39 68 0.042554
39 69 0.399190
39 70 0.082537
39 71 0.028148
39 72 0.183643
39 73 -0.165588
39 74 -0.208583
39 75 0.241994
39 76 -0.020877
39 77 0.033568
39 78 0.472468
39 79 -0.090202
39 80 0.617426
39 82 -0.491071
40 0 0.108779
40 1 -1.419930
40 2 -0.069287
40 3 -0.939717
40 4 -1.179319
40 5 0.775746
40 6 0.952208
40 7 -0.141837
40 8 1.239901
40 9 -1.076436
40 10 -0.855531
40 11 2.119588
40 12 0.316921
40 13 -0.384525
40 14 -0.551037
40 15 -0.177545
40 16 -1.837273
40 17 1.082500
40 18 -0.552658
40 19 -1.006499
40 20 -0.334851
40 21 -0.469773
40 22 -0.778367
40 23 1.220783
40 24 -0.350651
40 25 -0.457613
40 26 1.329668
40 54 0.957043
40 55 0.188139
40 56 0.666170
40 57 -0.277296
40 58 0.256524
40 59 -0.147189
40 60 -0.499272
40 61 -0.264958
40 62 0.267879
40 63 0.334708
40 64 -0.317045
40 65 -0.274054
40 66 0.309034
40 67 0.101093
40 68 -0.142652
40 69 0.628506
40 70 0.306284
40 71 -0.097650
40 72 0.218358
40 73 -0.403686
40 74 -0.399605
40 75 0.310699
40 76 -0.401311
40 77 -0.041491
40 78 0.603294
40 79 -0.209589
40 80 0.859873
40 82 -1.794776
41 0 -0.197068
41 1 0.647740
41 2 -0.381744
41 3 0.747737
41 4 -0.500010
41 5 0.943736
41 6 0.428602
41 7 -0.341295
41 8 0.780432
41 9 0.515614
41 10 0.975612
41 11 -0.298081
41 12 -0.377834
41 13 0.203537
41 14 0.323771
41 15 0.001145
41 16 0.220729
41 17 -0.148348
41 18 -0.478700
41 19 0.767010
41 20 -0.524614
41 21 -0.546421
41 22 -0.234078
41 23 -0.625084
41 24 0.438167
41 25 -0.160430
41 26 0.496354
41 54 0.894047
41 55 0.123225
41 56 0.358927
41 57 0.305287
41 58 0.030816
41 59 0.097485
41 60 -0.033836
41 61 -0.158869
41 62 0.200103
41 63 0.137123
41 64 -0.051078
41 65 0.073039
41 66 0.242992
41 67 -0.043890
41 68 -0.046750
41 69 0.355979
41 70 0.151032
41 71 0.047326
41 72 0.096040
41 73 0.115731
41 74 0.170168
41 75 0.478546
41 76 0.144948
41 77 -0.065344
41 78 0.574152
41 79 0.182802
41 80 0.525749
41 82 -0.978086
42 0 -0.832973
42 1 -0.757272
42 2 -0.788117
42 3 1.223094
42 4 -0.416446
42 5 -0.036699
42 6 0.280336
42 7 -0.180749
42 8 0.052569
42 9 -1.105250
42 10 -0.038557
42 11 -0.595801
42 12 0.337423
42 13 -0.404759
42 14 -0.606781
42 15 -0.031875
42 16 -0.301015
42 17 -0.669992
42 18 1.260881
42 19 -0.490980
42 20 1.314035
42 21 -0.155169
42 22 -0.285861
42 23 -0.035110
42 24 -0.373600
42 25 -0.053810
42 26 -0.341042
42 54 1.082987
42 55 0.194403
42 56 0.453131
42 57 -0.295244
42 58 0.173542
42 59 -0.073660
42 60 -0.190727
42 61 -0.205554
42 62 0.368010
42 63 -0.003993
42 64 -0.084356
42 65 -0.144676
42 66 0.231717
42 67 0.109466
42 68 0.009638
42 69 0.261361
42 70 0.128731
42 71 -0.005722
42 72 0.215754
42 73 -0.117003
42 74 -0.134856
42 75 0.539950
42 76 -0.070443
42 77 0.065063
42 78 0.788976
42 79 -0.033415
42 80 0.491433
42 82 0.657342
43 0 0.097654
43 1 -0.061024
43 2 0.082182
43 3 0.033009
43 4 0.028818
43 5 -0.013061
43 6 -0.235799
43 7 -0.164850
43 8 0.132419
43 9 -0.148970
43 10 -0.056203
43 11 -0.025595
43 12 -0.215735
43 13 -0.070405
43 14 -0.128095
43 15 -0.013875
43 16 -0.127949
43 17 -0.022791
43 18 0.011025
43 19 0.029101
43 20 -0.139740
43 21 0.122911
43 22 -0.124466
43 23 0.037267
43 24 0.087667
43 25 0.059188
43 26 -0.079430
43 54 -0.087392
43 55 0.061905
43 56 -0.006643
43 57 -0.084934
43 58 0.040994
43 59 0.105909
43 60 0.020023
43 61 0.070380
43 62 0.060931
43 63 0.052711
43 64 0.057266
43 65 -0.025509
43 66 -0.015178
43 67 -0.061127
43 68 0.037633
43 69 -0.145138
43 70 0.086972
43 71 0.059085
43 72 -0.005444
43 73 0.013148
43 74 0.101070
43 75 -0.102279
43 76 0.090567
43 77 0.023249
43 78 -0.015681
43 79 -0.085242
43 80 -0.259855
43 82 0.034956
44 0 -0.193925
44 1 -0.958368
44 2 0.047700
44 3 0.042958
44 4 0.584844
44 5 -0.909975
44 6 0.407379
44 7 -0.247520
44 8 0.115053
44 9 0.144396
44 10 0.143671
44 11 0.449235
44 12 -0.590744
44 13 0.731243
44 14 -0.659886
44 15 0.090418
44 16 -0.237948
44 17 0.552441
44 18 -0.592328
44 19 1.353479
44 20 -0.477865
44 21 -0.106149
44 22 -0.279579
44 23 -0.149710
44 24 -0.006787
44 25 0.388999
44 26 -0.016678
44 54 -0.531726
44 55 0.001591
44 56 -0.225048
44 57 0.444803
44 58 -0.034101
44 59 0.221393
44 60 0.601678
44 61 0.127069
44 62 -0.183181
44 63 -0.206095
44 64 0.422720
44 65 0.317632
44 66 -0.227573
44 67 -0.113788
44 68 0.177501
44 69 -0.466076
44 70 -0.213987
44 71 0.197053
44 72 -0.183091
44 73 0.585149
44 74 0.521812
44 75 -0.330190
44 76 0.433996
44 77 0.011341
44 78 -0.434652
44 79 0.139368
44 80 -0.429697
44 82 0.014585
45 0 -0.031412
45 1 -0.075637
45 2 -0.115427
45 3 0.132089
45 4 -0.095413
45 5 0.073263
45 6 -0.157773
45 7 -0.085028
45 8 0.140050
45 9 0.049123
45 10 0.336197
45 11 -0.094231
45 12 -0.115207
45 13 0.046710
45 14 0.246917
45 15 0.050913
45 16 0.104577
45 17 -0.060620
45 18 0.093160
45 19 0.112363
45 20 0.141954
45 21 0.011563
45 22 0.174254
45 23 -0.237104
45 24 0.018068
45 25 -0.063741
45 26 -0.075726
45 54 0.154248
45 55 -0.009838
45 56 0.151400
45 57 -0.088156
45 58 0.056032
45 59 -0.126834
45 60 0.021528
45 61 0.093682
45 62 0.074318
45 63 0.026701
45 64 -0.062756
45 65 -0.079652
45 66 0.054494
45 67 -0.094474
45 68 0.002355
45 69 0.064710
45 70 0.067471
45 71 0.065417
45 72 0.096571
45 73 -0.040612
45 74 -0.108283
45 75 0.190527
45 76 0.014444
45 77 0.056593
45 78 0.076721
45 79 0.038285
45 80 0.152113
45 82 -0.160626
46 0 -0.238105
46 1 0.212395
46 2 0.157740
46 3 -0.492004
46 4 0.091518
46 5 -0.707128
46 6 -0.284034
46 7 -0.461540
46 8 1.770815
46 9 -1.398842
46 10 0.245583
46 11 -0.837778
46 12 -0.780163
46 13 1.757866
46 14 -0.330813
46 15 -0.256415
46 16 -1.505432
46 17 1.289216
46 18 0.123638
46 19 -0.597701
46 20 -0.753951
46 21 0.310377
46 22 -0.869810
46 23 -0.072943
46 24 0.644875
46 25 0.235505
46 26 0.990547
46 54 -1.001752
46 55 0.021058
46 56 -0.286916
46 57 0.134369
46 58 0.006384
46 59 0.067378
46 60 0.179637
46 61 0.018147
46 62 -0.504845
46 63 -0.300219
46 64 0.126280
46 65 0.185078
46 66 -0.147200
46 67 -0.006803
46 68 0.158073
46 69 -0.302197
46 70 -0.261688
46 71 0.012332
46 72 -0.110932
46 73 0.249895
46 74 0.245451
46 75 -0.700924
46 76 0.220936
46 77 0.063966
46 78 -0.890862
46 79 0.117266
46 80 -1.238749
46 82 -0.140947
47 0 0.389115
47 1 -0.540236
47 2 1.326201
47 3 -0.508861
47 4 1.270912
47 5 -1.164810
47 6 0.085307
47 7 0.695021
47 8 -0.322068
47 9 0.974126
47 10 -0.382928
47 11 1.095914
47 12 0.066321
47 13 0.708680
47 14 0.465037
47 15 -0.392838
47 16 -0.902940
47 17 1.176182
47 18 -0.201856
47 19 -0.675928
47 20 -0.553314
47 21 0.228839
47 22 0.633741
47 23 0.308367
47 24 0.317862
47 25 -0.684013
47 26 0.754764
47 54 0.812911
47 55 -0.087522
47 56 0.356854
47 57 0.088675
47 58 0.223251
47 59 0.008090
47 60 0.160531
47 61 -0.083173
47 62 0.443049
47 63 0.140691
47 64 0.029578
47 65 0.093596
47 66 0.232166
47 67 0.080894
47 68 -0.049096
47 69 0.499272
47 70 0.231263
47 71 0.003466
47 72 0.252609
47 73 -0.071218
47 74 -0.098853
47 75 0.650353
47 76 -0.072387
47 77 0.010533
47 78 0.933470
47 79 -0.016219
47 80 1.174363
47 82 -0.098856
48 0 0.769209
48 1 -1.097880
48 2 0.386027
48 3 -0.664488
48 4 -0.654795
48 5 0.624860
48 6 0.330704
48 7 0.179032
48 8 -1.101119
48 9 0.802994
48 10 0.220480
48 11 -0.507150
48 12 -1.223948
48 13 0.783663
48 14 -0.216127
48 15 -0.247947
48 16 0.559933
48 17 -0.517082
48 18 -0.476224
48 19 -0.388016
48 20 0.320644
48 21 0.171226
48 22 0.778855
48 23 -0.320938
48 24 0.584091
48 25 -0.309710
48 26 -0.692490
48 54 0.898668
48 55 0.232151
48 56 0.526098
48 57 -0.224992
48 58 0.097982
48 59 -0.086142
48 60 -0.088663
48 61 -0.160184
48 62 0.319294
48 63 0.066499
48 64 0.044034
48 65 -0.099737
48 66 0.276155
48 67 0.038806
48 68 0.010006
48 69 0.314416
48 70 0.188822
48 71 -0.026367
48 72 0.185662
48 73 -0.178362
48 74 -0.225480
48 75 0.558847
48 76 -0.111335
48 77 0.029840
48 78 0.569581
48 79 -0.152306
48 80 1.066854
48 82 -0.465625
49 0 0.222374
49 1 -0.368360
49 2 -0.937092
49 3 0.012340
49 4 0.773558
49 5 -0.322845
49 6 -0.469457
49 7 -0.508399
49 8 -0.341225
49 9 -0.535094
49 10 0.034076
49 11 0.416644
49 12 -0.184994
49 13 -0.176857
49 14 -0.729517
49 15 0.119696
49 16 0.347822
49 17 -0.182575
49 18 -0.264516
49 19 0.317967
49 20 -0.411645
49 21 0.317863
49 22 0.137241
49 23 -0.159276
49 24 0.126296
49 25 0.391077
49 26 0.200407
49 54 -0.566149
49 55 -0.016219
49 56 -0.303257
49 57 0.099992
49 58 -0.115960
49 59 0.110885
49 60 -0.006301
49 61 0.034313
49 62 -0.008612
49 63 -0.150579
49 64 0.234631
49 65 -0.032836
49 66 -0.055518
49 67 0.033855
49 68 0.072178
49 69 -0.313912
49 70 -0.201731
49 71 0.090763
49 72 0.032887
49 73 0.255530
49 74 0.241002
49 75 -0.066103
49 76 0.133038
49 77 0.016944
49 78 -0.158019
49 79 0.163149
49 80 -0.356514
49 82 0.290862
50 0 -1.096326
50 1 0.548684
50 2 -0.246304
50 3 -0.647580
50 4 -0.695789
50 5 1.021664
50 6 -0.494232
50 7 -0.444617
50 8 -0.695340
50 9 0.461691
50 10 -0.764072
50 11 -1.079782
50 12 0.418269
50 13 -0.805643
50 14 0.553042
50 15 -0.118235
50 16 0.291582
50 17 -0.756914
50 18 0.081819
50 19 -0.954605
50 20 0.480721
50 21 0.450796
50 22 0.208787
50 23 0.424425
50 24 -0.963174
50 25 0.057391
50 26 -0.063153
50 54 -0.702767
50 55 0.018003
50 56 -0.337317
50 57 0.166206
50 58 -0.145745
50 59 -0.046266
50 60 0.162306
50 61 0.088827
50 62 -0.117553
50 63 -0.197317
50 64 0.100139
50 65 0.128292
50 66 -0.126736
50 67 -0.049561
50 68 -0.044708
50 69 -0.444003
50 70 -0.260005
50 71 0.070232
50 72 -0.198899
50 73 0.312335
50 74 0.309783
50 75 -0.240111
50 76 0.137575
50 77 0.089654
50 78 -0.187853
50 79 0.233048
50 80 -0.834945
50 82 -0.919050
51 0 0.107935
51 1 -0.053560
51 2 -0.007744
51 3 0.173219
51 4 -0.036945
51 5 -0.126094
51 6 0.029886
51 7 0.128952
51 8 0.044571
51 9 0.007162
51 10 0.013772
51 11 -0.126292
51 12 -0.090898
51 13 -0.038331
51 14 0.063811
51 15 -0.067729
51 16 -0.048426
51 17 0.077141
51 18 -0.098537
51 19 -0.052919
51 20 -0.014249
51 21 0.011045
51 22 0.090378
51 23 -0.009864
51 24 0.055427
51 25 -0.061825
51 26 0.156433
51 54 -0.003208
51 55 0.046912
51 56 0.080918
51 57 0.056631
51 58 0.069092
51 59 0.100857
51 60 0.126686
51 61 0.092895
51 62 0.050393
51 63 0.087031
51 64 0.126080
51 65 0.113329
51 66 -0.089338
51 67 0.091450
51 68 0.087525
51 69 -0.025965
51 70 -0.084352
51 71 0.105346
51 72 0.089057
51 73 -0.008089
51 74 0.070187
51 75 -0.097959
51 76 0.125183
51 77 0.030904
51 78 -0.067285
51 79 -0.081189
51 80 -0.017671
51 82 -0.116602
52 0 0.075271
52 1 0.095870
52 2 -0.305696
52 3 0.135453
52 4 0.236039
52 5 -0.640144
52 6 -0.074305
52 7 -0.234833
52 8 -0.146483
52 9 0.188514
52 10 0.156817
52 11 -0.160855
52 12 -0.311768
52 13 0.216114
52 14 -0.159686
52 15 -0.021976
52 16 0.088901
52 17 -0.039202
52 18 -0.067190
52 19 0.247196
52 20 -0.148750
52 21 0.058621
52 22 0.109669
52 23 -0.155985
52 24 0.483459
52 25 -0.017656
52 26 -0.317232
52 54 -0.455424
52 55 -0.132817
52 56 -0.122331
52 57 0.094453
52 58 -0.023548
52 59 0.143318
52 60 0.084474
52 61 0.075465
52 62 -0.013250
52 63 0.004738
52 64 0.093795
52 65 0.062831
52 66 -0.119879
52 67 0.074921
52 68 0.047448
52 69 -0.260655
52 70 -0.084258
52 71 0.085123
52 72 0.009108
52 73 0.230600
52 74 0.259233
52 75 -0.164914
52 76 0.070773
52 77 0.094532
52 78 -0.086999
52 79 0.079489
52 80 -0.316261
52 82 -0.132191
53 0 -0.258432
53 1 -0.028346
53 2 -0.208996
53 3 0.202661
53 4 -0.177090
53 5 -0.313089
53 6 -0.096102
53 7 -0.772861
53 8 -0.137218
53 9 -0.786392
53 10 0.089987
53 11 0.987717
53 12 -0.254873
53 13 -0.140032
53 14 -0.030463
53 15 0.223617
53 16 0.348359
53 17 -0.292063
53 18 -0.099414
53 19 -0.004898
53 20 -0.530911
53 21 0.171927
53 22 0.319451
53 23 0.102587
53 24 0.863580
53 25 -0.098747
53 26 -0.171849
53 54 -0.779722
53 55 -0.194840
53 56 -0.337002
53 57 -0.024794
53 58 -0.132830
53 59 -0.060146
53 60 -0.059463
53 61 -0.021992
53 62 0.019500
53 63 0.022777
53 64 0.146738
53 65 -0.015521
53 66 -0.097621
53 67 0.089366
53 68 0.074477
53 69 -0.373948
53 70 0.030962
53 71 0.032895
53 72 0.037516
53 73 0.194093
53 74 0.194847
53 75 -0.132233
53 76 0.141898
53 77 0.027739
53 78 -0.218060
53 79 -0.021319
53 80 -0.412917
53 82 0.243189
54 27 0.156328
54 28 0.560805
54 29 -0.411104
54 30 0.500499
54 31 -0.637013
54 32 0.009401
54 33 -0.954074
54 34 0.100704
54 35 -0.791288
54 36 0.006888
54 37 -0.781722
54 38 0.793667
54 39 0.656409
54 40 0.957043
54 41 0.894047
54 42 1.082987
54 43 -0.087392
54 44 -0.531726
54 45 0.154248
54 46 -1.001752
54 47 0.812911
54 48 0.898668
54 49 -0.566149
54 50 -0.702767
54 51 -0.003208
54 52 -0.455424
54 53 -0.779722
54 81 0.304207
54 83 0.090344
55 27 0.057186
55 28 0.119096
55 29 -0.123832
55 30 0.148421
55 31 -0.135003
55 32 0.091456
55 33 -0.001337
55 34 0.044728
55 35 -0.037147
55 36 0.113540
55 37 -0.027522
55 38 0.070910
55 39 0.109175
55 40 0.188139
55 41 0.123225
55 42 0.194403
55 43 0.061905
55 44 0.001591
55 45 -0.009838
55 46 0.021058
55 47 -0.087522
55 48 0.232151
55 49 -0.016219
55 50 0.018003
55 51 0.046912
55 52 -0.132817
55 53 -0.194840
55 81 0.017745
55 83 0.060617
56 27 0.172408
56 28 0.304260
56 29 -0.200224
56 30 0.357111
56 31 -0.460718
56 32 0.032659
56 33 -0.421309
56 34 0.161110
56 35 -0.213087
56 36 0.002431
56 37 -0.195993
56 38 0.373494
56 39 0.393825
56 40 0.666170
56 41 0.358927
56 42 0.453131
56 43 -0.006643
56 44 -0.225048
56 45 0.151400
56 46 -0.286916
56 47 0.356854
56 48 0.526098
56 49 -0.303257
56 50 -0.337317
56 51 0.080918
56 52 -0.122331
56 53 -0.337002
56 81 -0.036613
56 83 0.371627
57 27 0.083742
57 28 0.047638
57 29 0.181646
57 30 0.015125
57 31 0.287413
57 32 0.012765
57 33 0.267610
57 34 0.091835
57 35 -0.080222
57 36 -0.023172
57 37 -0.083557
57 38 -0.290773
57 39 -0.011432
57 40 -0.277296
57 41 0.305287
57 42 -0.295244
57 43 -0.084934
57 44 0.444803
57 45 -0.088156
57 46 0.134369
57 47 0.088675
57 48 -0.224992
57 49 0.099992
57 50 0.166206
57 51 0.056631
57 52 0.094453
57 53 -0.024794
57 81 -0.314151
57 83 -0.226532
58 27 0.146097
58 28 0.196893
58 29 -0.135760
58 30 0.053476
58 31 -0.029476
58 32 -0.071179
58 33 -0.183001
58 34 0.113366
58 35 -0.052791
58 36 -0.006814
58 37 -0.040510
58 38 0.154840
58 39 0.164608
58 40 0.256524
58 41 0.030816
58 42 0.173542
58 43 0.040994
58 44 -0.034101
58 45 0.056032
58 46 0.006384
58 47 0.223251
58 48 0.097982
58 49 -0.115960
58 50 -0.145745
58 51 0.069092
58 52 -0.023548
58 53 -0.132830
58 81 0.009649
58 83 0.120049
59 27 -0.093640
59 28 -0.053193
59 29 -0.112855
59 30 0.044843
59 31 -0.034901
59 32 0.102864
59 33 0.059179
59 34 -0.048954
59 35 0.134356
59 36 -0.063274
59 37 0.073031
59 38 -0.104501
59 39 0.003233
59 40 -0.147189
59 41 0.097485
59 42 -0.073660
59 43 0.105909
59 44 0.221393
59 45 -0.126834
59 46 0.067378
59 47 0.008090
59 48 -0.086142
59 49 0.110885
59 50 -0.046266
59 51 0.100857
59 52 0.143318
59 53 -0.060146
59 81 -0.109134
59 83 0.022943
60 27 0.099019
60 28 0.258235
60 29 0.172743
60 30 0.022013
60 31 0.453556
60 32 0.096538
60 33 0.378722
60 34 0.016655
60 35 -0.132027
60 36 0.127047
60 37 0.096786
60 38 -0.108386
60 39 -0.203619
60 40 -0.499272
60 41 -0.033836
60 42 -0.190727
60 43 0.020023
60 44 0.601678
60 45 0.021528
60 46 0.179637
60 47 0.160531
60 48 -0.088663
60 49 -0.006301
60 50 0.162306
60 51 0.126686
60 52 0.084474
60 53 -0.059463
60 81 -0.393374
60 83 -0.526295
61 27 0.086951
61 28 0.060407
61 29 0.162494
61 30 0.031887
61 31 0.254540
61 32 -0.008545
61 33 -0.055395
61 34 -0.069016
61 35 -0.000366
61 36 0.111725
61 37 0.038045
61 38 0.082042
61 39 0.036624
61 40 -0.264958
61 41 -0.158869
61 42 -0.205554
61 43 0.070380
61 44 0.127069
61 45 0.093682
61 46 0.018147
61 47 -0.083173
61 48 -0.160184
61 49 0.034313
61 50 0.088827
61 51 0.092895
61 52 0.075465
61 53 -0.021992
61 81 -0.183291
61 83 -0.065649
62 27 0.175184
62 28 0.228395
62 29 -0.022599
62 30 0.215343
62 31 -0.129501
62 32 -0.009833
62 33 -0.316110
62 34 -0.036431
62 35 -0.187901
62 36 0.096277
62 37 -0.262281
62 38 0.289541
62 39 0.052426
62 40 0.267879
62 41 0.200103
62 42 0.368010
62 43 0.060931
62 44 -0.183181
62 45 0.074318
62 46 -0.504845
62 47 0.443049
62 48 0.319294
62 49 -0.008612
62 50 -0.117553
62 51 0.050393
62 52 -0.013250
62 53 0.019500
62 81 0.050630
62 83 0.172889
63 27 0.113715
63 28 0.182182
63 29 -0.010997
63 30 0.089815
63 31 -0.299775
63 32 0.071773
63 33 -0.133571
63 34 -0.052093
63 35 -0.070869
63 36 0.133321
63 37 -0.075175
63 38 0.174672
63 39 0.220828
63 40 0.334708
63 41 0.137123
63 42 -0.003993
63 43 0.052711
63 44 -0.206095
63 45 0.026701
63 46 -0.300219
63 47 0.140691
63 48 0.066499
63 49 -0.150579
63 50 -0.197317
63 51 0.087031
63 52 0.004738
63 53 0.022777
63 81 -0.064357
63 83 0.165809
64 27 0.076595
64 28 0.017855
64 29 0.281884
64 30 -0.027430
64 31 0.468904
64 32 -0.086961
64 33 0.309320
64 34 0.067132
64 35 -0.037668
64 36 0.109935
64 37 0.027964
64 38 0.057617
64 39 -0.155481
64 40 -0.317045
64 41 -0.051078
64 42 -0.084356
64 43 0.057266
64 44 0.422720
64 45 -0.062756
64 46 0.126280
64 47 0.029578
64 48 0.044034
64 49 0.234631
64 50 0.100139
64 51 0.126080
64 52 0.093795
64 53 0.146738
64 81 -0.230985
64 83 -0.167046
65 27 0.101666
65 28 0.063197
65 29 0.134002
65 30 -0.161424
65 31 0.279734
65 32 0.093991
65 33 0.239435
65 34 0.086154
65 35 -0.016203
65 36 -0.005413
65 37 -0.009606
65 38 -0.049566
65 39 -0.019109
65 40 -0.274054
65 41 0.073039
65 42 -0.144676
65 43 -0.025509
65 44 0.317632
65 45 -0.079652
65 46 0.185078
65 47 0.093596
65 48 -0.099737
65 49 -0.032836
65 50 0.128292
65 51 0.113329
65 52 0.062831
65 53 -0.015521
65 81 -0.243056
65 83 -0.262740
66 27 0.080566
66 28 0.179300
66 29 -0.021827
66 30 0.006867
66 31 -0.179407
66 32 -0.016368
66 33 -0.226188
66 34 0.106663
66 35 -0.225388
66 36 0.055312
66 37 -0.276264
66 38 0.271188
66 39 0.037634
66 40 0.309034
66 41 0.242992
66 42 0.231717
66 43 -0.015178
66 44 -0.227573
66 45 0.054494
66 46 -0.147200
66 47 0.232166
66 48 0.276155
66 49 -0.055518
66 50 -0.126736
66 51 -0.089338
66 52 -0.119879
66 53 -0.097621
66 81 -0.036860
66 83 0.143134
67 27 -0.039636
67 28 -0.071720
67 29 -0.030563
67 30 0.098093
67 31 -0.040139
67 32 -0.038746
67 33 0.047169
67 34 0.057801
67 35 0.029800
67 36 0.091305
67 37 -0.020372
67 38 0.103842
67 39 -0.066070
67 40 0.101093
67 41 -0.043890
67 42 0.109466
67 43 -0.061127
67 44 -0.113788
67 45 -0.094474
67 46 -0.006803
67 47 0.080894
67 48 0.038806
67 49 0.033855
67 50 -0.049561
67 51 0.091450
