4552
0 27 -0.050012
0 28 0.192762
0 29 0.184120
0 30 0.216482
0 31 0.063568
0 32 0.068973
0 33 0.082164
0 34 0.031181
0 35 0.225638
0 36 0.008491
0 37 0.335514
0 38 -0.011369
0 39 -0.039335
0 40 -0.337089
0 41 0.061254
0 42 -0.038268
0 43 0.211375
0 44 0.156257
0 45 0.081377
0 46 0.109809
0 47 -0.021570
0 48 0.212679
0 49 0.006760
0 50 0.028105
0 51 0.015775
0 52 0.010834
0 53 0.198775
0 54 0.156455
0 55 0.078639
0 56 0.108008
0 57 -0.048596
0 58 -0.059043
0 59 -0.239102
0 60 0.371288
0 61 -0.051128
1 27 0.017895
1 28 0.049663
1 29 0.234100
1 30 0.242369
1 31 -0.146941
1 32 0.301474
1 33 -0.022475
1 34 -0.110718
1 35 -0.501970
1 36 0.234946
1 37 -0.059545
1 38 -0.158593
1 39 -0.286114
1 40 0.056501
1 41 0.133699
1 42 0.154117
1 43 -0.100829
1 44 -0.221270
1 45 0.042208
1 46 -0.125649
1 47 -0.058649
1 48 -0.109975
1 49 -0.128201
1 50 -0.010558
1 51 -0.032380
1 52 0.221926
1 53 -0.165471
1 54 0.096497
1 55 -0.055817
1 56 0.288093
1 57 0.263937
1 58 0.235652
1 59 0.191187
1 60 -0.199498
1 61 0.105845
2 27 -0.026640
2 28 -0.048568
2 29 0.212899
2 30 0.185205
2 31 0.003717
2 32 0.009400
2 33 -0.082755
2 34 -0.159465
2 35 0.065377
2 36 0.088043
2 37 0.080125
2 38 0.004840
2 39 0.002584
2 40 0.225038
2 41 -0.005254
2 42 0.060195
2 43 -0.089943
2 44 -0.225869
2 45 0.063773
2 46 0.049733
2 47 -0.117752
2 48 -0.224945
2 49 0.231546
2 50 0.131716
2 51 -0.192369
2 52 -0.033830
2 53 0.049393
2 54 -0.127219
2 55 -0.089486
2 56 0.077612
2 57 0.146159
2 58 0.180272
2 59 -0.108682
2 60 -0.125257
2 61 -0.202510
3 27 0.074024
3 28 0.017845
3 29 -0.059240
3 30 -0.057999
3 31 -0.151162
3 32 0.059058
3 33 -0.236666
3 34 0.054019
3 35 -0.200360
3 36 -0.121588
3 37 -0.029094
3 38 -0.006267
3 39 0.193902
3 40 -0.046605
3 41 0.089402
3 42 -0.146337
3 43 -0.057870
3 44 -0.039861
3 45 -0.179431
3 46 -0.131295
3 47 -0.107067
3 48 0.127671
3 49 -0.210646
3 50 -0.110025
3 51 0.132019
3 52 0.002396
3 53 0.140247
3 54 -0.058592
3 55 0.099388
3 56 -0.216264
3 57 -0.081380
3 58 -0.132795
3 59 0.135353
3 60 0.157891
3 61 -0.130328
4 27 -0.103434
4 28 -0.216585
4 29 0.112834
4 30 0.103420
4 31 0.043726
4 32 -0.028913
4 33 0.027355
4 34 -0.189669
4 35 0.151787
4 36 -0.029387
4 37 -0.230365
4 38 0.288595
4 39 -0.025227
4 40 0.276641
4 41 -0.089379
4 42 0.085602
4 43 -0.021716
4 44 0.171028
4 45 -0.305031
4 46 0.011151
4 47 -0.037791
4 48 0.104039
4 49 -0.075207
4 50 -0.293907
4 51 -0.047559
4 52 -0.260055
4 53 -0.138398
4 54 -0.220371
4 55 -0.156471
4 56 -0.201829
4 57 0.022326
4 58 0.131245
4 59 -0.183022
4 60 -0.448999
4 61 -0.194315
5 27 0.366003
5 28 0.273138
5 29 -0.034572
5 30 0.068470
5 31 -0.078211
5 32 -0.039339
5 33 0.005428
5 34 0.282534
5 35 -0.107477
5 36 -0.125376
5 37 0.187087
5 38 -0.372203
5 39 -0.043067
5 40 -0.186399
5 41 0.018743
5 42 -0.045458
5 43 0.001958
5 44 -0.226071
5 45 0.333573
5 46 -0.042994
5 47 -0.242541
5 48 -0.148064
5 49 0.125763
5 50 0.266365
5 51 -0.187834
5 52 -0.028447
5 53 -0.061742
5 54 0.161115
5 55 0.092867
5 56 -0.239446
5 57 -0.052622
5 58 -0.051234
5 59 -0.005146
5 60 0.109522
5 61 -0.104580
6 27 0.026018
6 28 -0.028220
6 29 0.101996
6 30 0.127215
6 31 -0.264859
6 32 0.007278
6 33 0.056514
6 34 0.071507
6 35 -0.208179
6 36 0.162724
6 37 0.292821
6 38 -0.026284
6 39 -0.066614
6 40 0.052910
6 41 0.160454
6 42 -0.261097
6 43 -0.206251
6 44 -0.231341
6 45 -0.027800
6 46 -0.336379
6 47 -0.285074
6 48 -0.113561
6 49 -0.191053
6 50 -0.052324
6 51 0.023867
6 52 0.334417
6 53 -0.022841
6 54 0.116782
6 55 0.189410
6 56 0.019304
6 57 -0.157826
6 58 -0.058288
6 59 -0.104026
6 60 0.140893
6 61 0.136388
7 27 0.022537
7 28 0.010629
7 29 0.085089
7 30 0.070946
7 31 0.176426
7 32 -0.335202
7 33 -0.117265
7 34 -0.054018
7 35 0.129255
7 36 -0.255986
7 37 0.005246
7 38 -0.023578
7 39 0.143229
7 40 0.044121
7 41 -0.153483
7 42 0.262515
7 43 0.293794
7 44 0.243435
7 45 0.219307
7 46 0.221572
7 47 0.188493
7 48 0.013669
7 49 0.070535
7 50 -0.046864
7 51 0.023107
7 52 -0.222375
7 53 0.012141
7 54 -0.011597
7 55 -0.180841
7 56 -0.135013
7 57 0.046987
7 58 0.149536
7 59 0.027335
7 60 -0.132768
7 61 -0.016680
8 27 0.268626
8 28 0.297621
8 29 -0.107676
8 30 0.194625
8 31 -0.171666
8 32 -0.167208
8 33 0.054806
8 34 0.361115
8 35 0.061641
8 36 0.209778
8 37 -0.284258
8 38 -0.233412
8 39 0.114556
8 40 -0.017278
8 41 0.239723
8 42 0.252635
8 43 0.004125
8 44 -0.228094
8 45 0.173168
8 46 -0.279759
8 47 -0.283483
8 48 0.439588
8 49 -0.102334
8 50 -0.094489
8 51 0.280093
8 52 0.297242
8 53 0.197231
8 54 0.288697
8 55 0.488595
8 56 0.112330
8 57 -0.052625
8 58 -0.163884
8 59 -0.194225
8 60 0.017788
8 61 0.321093
9 27 -0.182358
9 28 -0.196507
9 29 0.249866
9 30 0.150492
9 31 0.095706
9 32 0.173771
9 33 0.071661
9 34 -0.153262
9 35 -0.068509
9 36 -0.050921
9 37 0.317507
9 38 0.133317
9 39 -0.090806
9 40 0.158547
9 41 0.007938
9 42 0.005913
9 43 0.139270
9 44 0.037068
9 45 -0.114057
9 46 0.044584
9 47 0.110276
9 48 -0.061241
9 49 0.204214
9 50 -0.086499
9 51 -0.111330
9 52 0.062988
9 53 -0.175881
9 54 -0.077949
9 55 -0.118296
9 56 0.114954
9 57 0.135334
9 58 0.233199
9 59 0.155805
9 60 0.191426
9 61 -0.120952
10 27 -0.061923
10 28 -0.027394
10 29 0.010154
10 30 0.151127
10 31 -0.292662
10 32 -0.038217
10 33 0.028349
10 34 -0.126083
10 35 0.081911
10 36 -0.126277
10 37 0.120682
10 38 0.092263
10 39 0.047975
10 40 -0.262005
10 41 0.150559
10 42 -0.224987
10 43 0.040469
10 44 -0.132799
10 45 -0.084962
10 46 -0.356322
10 47 -0.307184
10 48 -0.096229
10 49 -0.099932
10 50 -0.048972
10 51 0.010387
10 52 0.258729
10 53 -0.078390
10 54 -0.046685
10 55 -0.109894
10 56 -0.028360
10 57 -0.021206
10 58 0.059755
10 59 -0.061153
10 60 0.142406
10 61 -0.069083
11 27 0.143123
11 28 -0.003083
11 29 0.083718
11 30 -0.092028
11 31 0.236215
11 32 -0.319650
11 33 0.067585
11 34 0.285152
11 35 0.015785
11 36 0.236335
11 37 -0.043275
11 38 -0.003976
11 39 0.059319
11 40 -0.118306
11 41 -0.023847
11 42 0.225654
11 43 -0.332386
11 44 0.261802
11 45 0.168426
11 46 0.313658
11 47 0.220554
11 48 0.054624
11 49 0.126148
11 50 -0.024254
11 51 0.146375
11 52 -0.291916
11 53 0.187291
11 54 0.154489
11 55 0.264854
11 56 0.128483
11 57 0.201178
11 58 -0.021765
11 59 0.047424
11 60 -0.137256
11 61 0.057727
12 27 0.159273
12 28 0.210129
12 29 0.079821
12 30 0.192779
12 31 0.013251
12 32 -0.068693
12 33 -0.205779
12 34 0.268381
12 35 -0.248393
12 36 -0.166215
12 37 0.069361
12 38 -0.379419
12 39 -0.071185
12 40 0.269656
12 41 0.023246
12 42 -0.098712
12 43 -0.010054
12 44 0.173341
12 45 0.296788
12 46 0.034472
12 47 0.074021
12 48 0.059208
12 49 -0.154145
12 50 -0.238188
12 51 0.010298
12 52 0.077152
12 53 -0.010609
12 54 0.076120
12 55 0.101756
12 56 -0.159546
12 57 -0.007345
12 58 0.044622
12 59 0.161625
12 60 -0.180740
12 61 -0.002980
13 27 -0.219597
13 28 -0.202029
13 29 0.020162
13 30 0.181702
13 31 -0.192412
13 32 -0.248983
13 33 0.299529
13 34 0.020144
13 35 0.037458
13 36 -0.087635
13 37 -0.042966
13 38 0.283319
13 39 0.102102
13 40 -0.313435
13 41 0.100078
13 42 0.054154
13 43 -0.191210
13 44 -0.243672
13 45 -0.145103
13 46 -0.184604
13 47 -0.172456
13 48 0.145772
13 49 -0.049636
13 50 0.215354
13 51 -0.090734
13 52 0.250780
13 53 -0.032162
13 54 -0.023849
13 55 -0.040680
13 56 -0.052223
13 57 0.063434
13 58 -0.046856
13 59 -0.383485
13 60 0.145390
13 61 -0.049250
14 27 0.049733
14 28 -0.008406
14 29 0.208446
14 30 0.233639
14 31 0.071540
14 32 0.019047
14 33 -0.045276
14 34 0.009858
14 35 -0.082238
14 36 -0.103680
14 37 0.064385
14 38 -0.090436
14 39 0.072241
14 40 0.031618
14 41 0.042827
14 42 0.149514
14 43 -0.010917
14 44 -0.108054
14 45 -0.105831
14 46 0.067056
14 47 0.047759
14 48 -0.252935
14 49 0.146092
14 50 0.206196
14 51 0.094074
14 52 -0.047910
14 53 -0.010578
14 54 -0.138376
14 55 -0.117645
14 56 -0.137428
14 57 0.189825
14 58 0.286695
14 59 0.243252
14 60 -0.049651
14 61 -0.055889
15 27 -0.039942
15 28 0.080609
15 29 -0.099794
15 30 -0.112305
15 31 -0.191701
15 32 -0.019082
15 33 -0.077378
15 34 -0.012488
15 35 0.040116
15 36 0.039251
15 37 0.152190
15 38 0.058284
15 39 0.092731
15 40 -0.064399
15 41 0.013494
15 42 -0.138850
15 43 -0.104444
15 44 -0.015823
15 45 -0.004516
15 46 -0.084113
15 47 -0.067466
15 48 0.137984
15 49 -0.129351
15 50 -0.184302
15 51 -0.041539
15 52 -0.048220
15 53 0.116040
15 54 -0.036176
15 55 0.086582
15 56 -0.134079
15 57 -0.114971
15 58 -0.016628
15 59 -0.252522
15 60 0.076352
15 61 -0.115999
16 27 -0.032952
16 28 -0.144399
16 29 0.042938
16 30 0.004250
16 31 0.033255
16 32 -0.035997
16 33 -0.012610
16 34 -0.104754
16 35 -0.190294
16 36 -0.085459
16 37 -0.068479
16 38 0.051485
16 39 -0.010170
16 40 -0.562969
16 41 -0.151700
16 42 0.179867
16 43 -0.042530
16 44 0.051833
16 45 -0.074769
16 46 0.092653
16 47 0.000753
16 48 0.246181
16 49 0.166009
16 50 0.058587
16 51 -0.114399
16 52 -0.189650
16 53 -0.199811
16 54 -0.261567
16 55 -0.162083
16 56 0.039781
16 57 -0.024264
16 58 0.011670
16 59 0.228567
16 60 0.190685
16 61 -0.276744
17 27 -0.023352
17 28 0.206025
17 29 0.257189
17 30 0.294686
17 31 -0.025202
17 32 0.333995
17 33 0.060093
17 34 -0.038229
17 35 0.281236
17 36 0.089325
17 37 -0.095663
17 38 -0.159106
17 39 -0.145004
17 40 0.122285
17 41 0.198033
17 42 -0.060680
17 43 0.047403
17 44 -0.069125
17 45 0.140956
17 46 -0.089954
17 47 -0.129564
17 48 -0.064543
17 49 -0.013600
17 50 0.033449
17 51 0.093566
17 52 0.235519
17 53 0.302790
17 54 0.123338
17 55 0.046960
17 56 0.239931
17 57 -0.006775
17 58 0.015974
17 59 -0.367767
17 60 -0.248618
17 61 -0.036816
18 27 -0.030667
18 28 -0.285947
18 29 -0.016905
18 30 0.033617
18 31 -0.025898
18 32 -0.272547
18 33 -0.048981
18 34 -0.077563
18 35 -0.104157
18 36 -0.173406
18 37 -0.179126
18 38 -0.028148
18 39 0.128178
18 40 0.174836
18 41 0.075080
18 42 -0.115937
18 43 -0.092984
18 44 -0.164439
18 45 -0.115668
18 46 -0.206934
18 47 -0.123480
18 48 -0.101441
18 49 -0.143234
18 50 -0.032996
18 51 -0.198628
18 52 0.091473
18 53 -0.145383
18 54 -0.214943
18 55 -0.150040
18 56 -0.124733
18 57 -0.113496
18 58 0.027241
18 59 0.265192
18 60 -0.234464
18 61 -0.220549
19 27 0.110881
19 28 -0.029825
19 29 0.006881
19 30 -0.012685
19 31 -0.151132
19 32 0.090886
19 33 0.146015
19 34 0.077434
19 35 -0.083215
19 36 0.077700
19 37 0.098758
19 38 0.107980
19 39 -0.024169
19 40 0.072324
19 41 0.005566
19 42 -0.133639
19 43 -0.028239
19 44 0.085178
19 45 0.011049
19 46 -0.095721
19 47 -0.125166
19 48 0.249584
19 49 -0.140040
19 50 -0.085167
19 51 0.257556
19 52 0.085461
19 53 0.004306
19 54 0.176180
19 55 -0.001440
19 56 0.169731
19 57 -0.160459
19 58 -0.001304
19 59 0.149446
19 60 0.130869
19 61 0.043885
20 27 0.347450
20 28 0.302953
20 29 0.053077
20 30 0.084670
20 31 0.027138
20 32 0.047269
20 33 -0.073492
20 34 0.264496
20 35 -0.060272
20 36 0.020914
20 37 0.055608
20 38 -0.303969
20 39 -0.183929
20 40 -0.101555
20 41 0.194366
20 42 -0.070761
20 43 0.028253
20 44 -0.104932
20 45 0.360881
20 46 -0.040101
20 47 -0.057302
20 48 0.094053
20 49 0.151011
20 50 0.273665
20 51 0.050810
20 52 0.230131
20 53 0.078509
20 54 0.088495
20 55 0.092474
20 56 0.005712
20 57 0.214466
20 58 0.005327
20 59 0.101230
20 60 0.258095
20 61 0.069296
21 27 0.005239
21 28 0.057185
21 29 0.144843
21 30 -0.019311
21 31 0.231972
21 32 0.309368
21 33 -0.287248
21 34 -0.193350
21 35 0.100087
21 36 -0.186203
21 37 -0.164175
21 38 -0.101187
21 39 -0.023686
21 40 -0.042641
21 41 -0.021316
21 42 0.167947
21 43 0.278365
21 44 0.238740
21 45 0.030146
21 46 0.210517
21 47 0.238135
21 48 0.190992
21 49 0.011873
21 50 0.020473
21 51 -0.017532
21 52 -0.158613
21 53 -0.005306
21 54 -0.080413
21 55 -0.170670
21 56 -0.129710
21 57 0.152844
21 58 0.125351
21 59 0.124133
21 60 0.037231
21 61 0.003220
22 27 -0.093338
22 28 -0.099144
22 29 0.139836
22 30 0.092322
22 31 0.213655
22 32 0.023592
22 33 -0.029625
22 34 -0.148047
22 35 -0.010081
22 36 -0.096341
22 37 0.151329
22 38 0.076512
22 39 -0.061700
22 40 0.158282
22 41 0.156658
22 42 -0.112763
22 43 -0.070899
22 44 0.166351
22 45 -0.012866
22 46 -0.032025
22 47 0.221593
22 48 0.037100
22 49 0.019805
22 50 0.145020
22 51 -0.108405
22 52 0.146592
22 53 -0.037407
22 54 -0.012641
22 55 -0.063626
22 56 0.018719
22 57 -0.038684
22 58 0.190891
22 59 0.015994
22 60 0.108476
22 61 -0.128621
23 27 0.033891
23 28 -0.036069
23 29 0.064403
23 30 -0.102831
23 31 0.247988
23 32 0.273914
23 33 0.043429
23 34 0.055635
23 35 0.040344
23 36 0.223720
23 37 -0.082038
23 38 -0.140967
23 39 -0.063722
23 40 0.069606
23 41 -0.132568
23 42 0.174939
23 43 -0.168047
23 44 0.406498
23 45 -0.086952
23 46 0.266389
23 47 0.295806
23 48 0.122629
23 49 0.127092
23 50 -0.017121
23 51 -0.033437
23 52 -0.319841
23 53 0.047440
23 54 0.103524
23 55 0.428483
23 56 0.099681
23 57 0.112216
23 58 0.091240
23 59 0.008409
23 60 -0.196941
23 61 0.198309
24 27 -0.191217
24 28 -0.134701
24 29 0.095389
24 30 0.092958
24 31 -0.047402
24 32 0.021212
24 33 -0.020257
24 34 -0.070775
24 35 0.035894
24 36 0.070012
24 37 0.025967
24 38 0.246088
24 39 -0.048746
24 40 -0.242354
24 41 0.065042
24 42 0.127547
24 43 -0.210365
24 44 -0.174686
24 45 -0.103128
24 46 -0.005130
24 47 -0.080464
24 48 -0.012433
24 49 0.146128
24 50 0.308150
24 51 0.043983
24 52 0.169842
24 53 0.130553
24 54 -0.061771
24 55 -0.077821
24 56 0.123111
24 57 -0.101300
24 58 0.087013
24 59 -0.031891
24 60 0.200691
24 61 -0.044713
25 27 -0.016057
25 28 -0.041916
25 29 0.054411
25 30 -0.023036
25 31 -0.075071
25 32 -0.082766
25 33 0.253053
25 34 0.041034
25 35 -0.022101
25 36 0.251097
25 37 -0.036883
25 38 0.073934
25 39 0.046562
25 40 0.093883
25 41 0.106505
25 42 -0.089028
25 43 -0.040606
25 44 0.085040
25 45 0.104869
25 46 -0.123324
25 47 -0.152038
25 48 0.238991
25 49 -0.087141
25 50 -0.203170
25 51 0.052796
25 52 0.139706
25 53 0.039338
25 54 0.227488
25 55 0.006748
25 56 0.237675
25 57 -0.208728
25 58 -0.015945
25 59 -0.092366
25 60 0.079964
25 61 0.030537
26 27 -0.115616
26 28 0.130549
26 29 0.121827
26 30 0.158126
26 31 -0.206810
26 32 -0.288556
26 33 0.024914
26 34 0.103476
26 35 0.302787
26 36 -0.062585
26 37 0.023302
26 38 -0.118203
26 39 0.282835
26 40 0.336806
26 41 0.149596
26 42 -0.095676
26 43 0.009033
26 44 -0.112809
26 45 -0.032060
26 46 -0.187710
26 47 -0.024029
26 48 -0.194300
26 49 -0.166156
26 50 -0.241839
26 51 0.169652
26 52 0.234843
26 53 0.395304
26 54 0.162783
26 55 0.152212
26 56 -0.058029
26 57 0.193310
26 58 0.115727
26 59 -0.336188
26 60 -0.300946
26 61 0.158191
27 0 -0.050012
27 1 0.017895
27 2 -0.026640
27 3 0.074024
27 4 -0.103434
27 5 0.366003
27 6 0.026018
27 7 0.022537
27 8 0.268626
27 9 -0.182358
27 10 -0.061923
27 11 0.143123
27 12 0.159273
27 13 -0.219597
27 14 0.049733
27 15 -0.039942
27 16 -0.032952
27 17 -0.023352
27 18 -0.030667
27 19 0.110881
27 20 0.347450
27 21 0.005239
27 22 -0.093338
27 23 0.033891
27 24 -0.191217
27 25 -0.016057
27 26 -0.115616
27 62 0.275447
27 63 -0.200959
27 64 -0.311934
27 65 0.259520
27 66 -0.234459
27 67 -0.159034
27 68 -0.294624
27 69 -0.166303
27 70 -0.178056
27 71 -0.234431
27 72 -0.119804
27 73 -0.163727
27 74 -0.168799
27 75 -0.246804
27 76 -0.191041
27 77 -0.179083
27 78 -0.147611
27 79 0.052751
27 80 0.132179
27 81 -0.107984
27 82 -0.134400
27 83 0.018237
27 84 -0.150528
27 85 -0.341367
27 86 -0.326367
27 87 -0.020041
27 88 0.263988
27 89 -0.138134
27 90 -0.149536
27 91 0.269397
27 92 0.000636
27 93 -0.256841
27 94 0.158390
27 95 0.272533
27 96 -0.077463
27 98 0.083543
28 0 0.192762
28 1 0.049663
28 2 -0.048568
28 3 0.017845
28 4 -0.216585
28 5 0.273138
28 6 -0.028220
28 7 0.010629
28 8 0.297621
28 9 -0.196507
28 10 -0.027394
28 11 -0.003083
28 12 0.210129
28 13 -0.202029
28 14 -0.008406
28 15 0.080609
28 16 -0.144399
28 17 0.206025
28 18 -0.285947
28 19 -0.029825
28 20 0.302953
28 21 0.057185
28 22 -0.099144
28 23 -0.036069
28 24 -0.134701
28 25 -0.041916
28 26 0.130549
28 62 0.025754
28 63 -0.191468
28 64 -0.320620
28 65 0.216509
28 66 -0.184058
28 67 -0.308549
28 68 -0.261066
28 69 -0.131714
28 70 -0.135696
28 71 -0.308794
28 72 -0.275154
28 73 -0.199678
28 74 -0.248747
28 75 -0.177023
28 76 -0.148183
28 77 -0.132906
28 78 -0.297862
28 79 -0.196645
28 80 0.218880
28 81 -0.166087
28 82 -0.150472
28 83 -0.004946
28 84 -0.172631
28 85 -0.202956
28 86 -0.168716
28 87 0.042339
28 88 0.142281
28 89 -0.289221
28 90 -0.178633
28 91 0.226901
28 92 -0.012623
28 93 -0.147033
28 94 0.307897
28 95 0.273190
28 96 -0.128687
28 98 -0.012515
29 0 0.184120
29 1 0.234100
29 2 0.212899
29 3 -0.059240
29 4 0.112834
29 5 -0.034572
29 6 0.101996
29 7 0.085089
29 8 -0.107676
29 9 0.249866
29 10 0.010154
29 11 0.083718
29 12 0.079821
29 13 0.020162
29 14 0.208446
29 15 -0.099794
29 16 0.042938
29 17 0.257189
29 18 -0.016905
29 19 0.006881
29 20 0.053077
29 21 0.144843
29 22 0.139836
29 23 0.064403
29 24 0.095389
29 25 0.054411
29 26 0.121827
29 62 0.241449
29 63 0.078507
29 64 0.208947
29 65 0.137350
29 66 0.098867
29 67 0.004082
29 68 0.178999
29 69 0.249937
29 70 0.086545
29 71 0.221836
29 72 0.211638
29 73 0.072129
29 74 0.102823
29 75 0.175252
29 76 0.187318
29 77 0.144583
29 78 0.245780
29 79 -0.103014
29 80 0.175036
29 81 0.121699
29 82 0.099842
29 83 0.028008
29 84 0.221328
29 85 0.209312
29 86 0.114759
29 87 -0.059987
29 88 0.127356
29 89 0.106204
29 90 0.221036
29 91 0.114972
29 92 0.024970
29 93 0.190428
29 94 0.133968
29 95 -0.072059
29 96 -0.100626
29 98 -0.009144
30 0 0.216482
30 1 0.242369
30 2 0.185205
30 3 -0.057999
30 4 0.103420
30 5 0.068470
30 6 0.127215
30 7 0.070946
30 8 0.194625
30 9 0.150492
30 10 0.151127
30 11 -0.092028
30 12 0.192779
30 13 0.181702
30 14 0.233639
30 15 -0.112305
30 16 0.004250
30 17 0.294686
30 18 0.033617
30 19 -0.012685
30 20 0.084670
30 21 -0.019311
30 22 0.092322
30 23 -0.102831
30 24 0.092958
30 25 -0.023036
30 26 0.158126
30 62 0.017438
30 63 0.023950
30 64 0.169931
30 65 0.016398
30 66 0.162979
30 67 0.182120
30 68 0.129398
30 69 0.197433
30 70 0.161725
30 71 0.241700
30 72 0.136499
30 73 0.261839
30 74 0.160164
30 75 0.186291
30 76 0.177059
30 77 0.216789
30 78 0.238862
30 79 0.009298
30 80 -0.027761
30 81 -0.004515
30 82 0.214885
30 83 -0.023406
30 84 0.125651
30 85 0.010981
30 86 0.160163
30 87 -0.043968
30 88 -0.109236
30 89 0.236965
30 90 0.063387
30 91 0.011192
30 92 -0.042478
30 93 0.274594
30 94 -0.008151
30 95 -0.098360
30 96 -0.109866
30 98 0.244069
31 0 0.063568
31 1 -0.146941
31 2 0.003717
31 3 -0.151162
31 4 0.043726
31 5 -0.078211
31 6 -0.264859
31 7 0.176426
31 8 -0.171666
31 9 0.095706
31 10 -0.292662
31 11 0.236215
31 12 0.013251
31 13 -0.192412
31 14 0.071540
31 15 -0.191701
31 16 0.033255
31 17 -0.025202
31 18 -0.025898
31 19 -0.151132
31 20 0.027138
31 21 0.231972
31 22 0.213655
31 23 0.247988
31 24 -0.047402
31 25 -0.075071
31 26 -0.206810
31 62 -0.191822
31 63 0.381918
31 64 0.448762
31 65 -0.110498
31 66 0.238201
31 67 0.132470
31 68 0.188276
31 69 0.335021
31 70 0.421702
31 71 0.382131
31 72 0.270537
31 73 0.409002
31 74 0.293642
31 75 0.433161
31 76 0.427768
31 77 0.370797
31 78 0.415284
31 79 0.000421
31 80 -0.021322
31 81 0.445802
31 82 0.226308
31 83 -0.053692
31 84 0.431456
31 85 0.263992
31 86 0.344281
31 87 -0.025030
31 88 -0.140950
31 89 0.160030
31 90 0.389016
31 91 -0.300482
31 92 0.018118
31 93 0.410724
31 94 -0.186688
31 95 -0.199814
31 96 -0.077075
31 98 -0.301817
32 0 0.068973
32 1 0.301474
32 2 0.009400
32 3 0.059058
32 4 -0.028913
32 5 -0.039339
32 6 0.007278
32 7 -0.335202
32 8 -0.167208
32 9 0.173771
32 10 -0.038217
32 11 -0.319650
32 12 -0.068693
32 13 -0.248983
32 14 0.019047
32 15 -0.019082
32 16 -0.035997
32 17 0.333995
32 18 -0.272547
32 19 0.090886
32 20 0.047269
32 21 0.309368
32 22 0.023592
32 23 0.273914
32 24 0.021212
32 25 -0.082766
32 26 -0.288556
32 62 0.436935
32 63 -0.230388
32 64 -0.265220
32 65 0.148709
32 66 -0.188866
32 67 -0.074536
32 68 -0.165333
32 69 -0.304927
32 70 -0.272913
32 71 -0.136683
32 72 -0.160186
32 73 -0.124348
32 74 -0.238169
32 75 -0.344261
32 76 -0.275357
32 77 -0.144390
32 78 -0.248140
32 79 0.083551
32 80 0.292257
32 81 -0.252609
32 82 -0.121685
32 83 -0.030309
32 84 -0.133895
32 85 -0.162387
32 86 -0.159729
32 87 -0.114123
32 88 0.290412
32 89 -0.166217
32 90 -0.279076
32 91 0.180193
32 92 0.068637
32 93 -0.159282
32 94 0.139155
32 95 0.305587
32 96 -0.003142
32 98 -0.144738
33 0 0.082164
33 1 -0.022475
33 2 -0.082755
33 3 -0.236666
33 4 0.027355
33 5 0.005428
33 6 0.056514
33 7 -0.117265
33 8 0.054806
33 9 0.071661
33 10 0.028349
33 11 0.067585
33 12 -0.205779
33 13 0.299529
33 14 -0.045276
33 15 -0.077378
33 16 -0.012610
33 17 0.060093
33 18 -0.048981
33 19 0.146015
33 20 -0.073492
33 21 -0.287248
33 22 -0.029625
33 23 0.043429
33 24 -0.020257
33 25 0.253053
33 26 0.024914
33 62 -0.043398
33 63 -0.156310
33 64 -0.135695
33 65 0.054738
33 66 -0.160888
33 67 -0.174093
33 68 -0.219362
33 69 -0.226938
33 70 -0.082581
33 71 -0.051198
33 72 -0.022271
33 73 -0.075292
33 74 -0.086794
33 75 -0.108070
33 76 -0.074905
33 77 -0.174556
33 78 -0.068268
33 79 -0.053139
33 80 0.062291
33 81 -0.028652
33 82 -0.120614
33 83 -0.128618
33 84 -0.049309
33 85 -0.140075
33 86 -0.116174
33 87 0.067330
33 88 0.160723
33 89 -0.174288
33 90 -0.123532
33 91 0.178860
33 92 0.026096
33 93 -0.259753
33 94 0.225881
33 95 0.176429
33 96 -0.028543
33 98 -0.024871
34 0 0.031181
34 1 -0.110718
34 2 -0.159465
34 3 0.054019
34 4 -0.189669
34 5 0.282534
34 6 0.071507
34 7 -0.054018
34 8 0.361115
34 9 -0.153262
34 10 -0.126083
34 11 0.285152
34 12 0.268381
34 13 0.020144
34 14 0.009858
34 15 -0.012488
34 16 -0.104754
34 17 -0.038229
34 18 -0.077563
34 19 0.077434
34 20 0.264496
34 21 -0.193350
34 22 -0.148047
34 23 0.055635
34 24 -0.070775
34 25 0.041034
34 26 0.103476
34 62 0.101293
34 63 -0.207137
34 64 -0.390265
34 65 0.327500
34 66 -0.145615
34 67 -0.108195
34 68 -0.176611
34 69 -0.138045
34 70 -0.256244
34 71 -0.315624
34 72 -0.177028
34 73 -0.265711
34 74 -0.215408
34 75 -0.279417
34 76 -0.246416
34 77 -0.346080
34 78 -0.228531
34 79 -0.133512
34 80 0.179435
34 81 -0.311032
34 82 -0.256205
34 83 0.043113
34 84 -0.228892
34 85 -0.236747
34 86 -0.188155
34 87 0.034798
34 88 0.146090
34 89 -0.168805
34 90 -0.161396
34 91 0.333616
34 92 0.086314
34 93 -0.162363
34 94 0.283045
34 95 0.253864
34 96 0.052446
34 98 0.047188
35 0 0.225638
35 1 -0.501970
35 2 0.065377
35 3 -0.200360
35 4 0.151787
35 5 -0.107477
35 6 -0.208179
35 7 0.129255
35 8 0.061641
35 9 -0.068509
35 10 0.081911
35 11 0.015785
35 12 -0.248393
35 13 0.037458
35 14 -0.082238
35 15 0.040116
35 16 -0.190294
35 17 0.281236
35 18 -0.104157
35 19 -0.083215
35 20 -0.060272
35 21 0.100087
35 22 -0.010081
35 23 0.040344
35 24 0.035894
35 25 -0.022101
35 26 0.302787
35 62 0.007894
35 63 -0.134352
35 64 -0.228326
35 65 0.054843
35 66 -0.274553
35 67 -0.090334
35 68 -0.176648
35 69 -0.228988
35 70 -0.259191
35 71 -0.147189
35 72 -0.104943
35 73 -0.332974
35 74 -0.326001
35 75 -0.217227
35 76 -0.305710
35 77 -0.164763
35 78 -0.317837
35 79 -0.077814
35 80 0.307733
35 81 -0.127135
35 82 -0.076690
35 83 -0.056755
35 84 -0.291342
35 85 -0.189649
35 86 -0.160970
35 87 -0.002013
35 88 0.301576
35 89 -0.222246
35 90 -0.237741
35 91 0.187698
35 92 -0.152507
35 93 -0.232350
35 94 0.238870
35 95 0.301324
35 96 -0.059604
35 98 0.003729
36 0 0.008491
36 1 0.234946
36 2 0.088043
36 3 -0.121588
36 4 -0.029387
36 5 -0.125376
36 6 0.162724
36 7 -0.255986
36 8 0.209778
36 9 -0.050921
36 10 -0.126277
36 11 0.236335
36 12 -0.166215
36 13 -0.087635
36 14 -0.103680
36 15 0.039251
36 16 -0.085459
36 17 0.089325
36 18 -0.173406
36 19 0.077700
36 20 0.020914
36 21 -0.186203
36 22 -0.096341
36 23 0.223720
36 24 0.070012
36 25 0.251097
36 26 -0.062585
36 62 -0.057296
36 63 -0.268631
36 64 -0.197066
36 65 0.025690
36 66 -0.202409
36 67 -0.120714
36 68 -0.190314
36 69 -0.148857
36 70 -0.321322
36 71 -0.118240
36 72 -0.037993
36 73 -0.143023
36 74 -0.307115
36 75 -0.136863
36 76 -0.159543
36 77 -0.169933
36 78 -0.131070
36 79 -0.108890
36 80 0.205202
36 81 -0.147683
36 82 -0.092840
36 83 -0.005882
36 84 -0.239497
36 85 -0.213768
36 86 -0.256746
36 87 -0.082399
36 88 0.172375
36 89 -0.123774
36 90 -0.172227
36 91 0.250782
36 92 -0.090953
36 93 -0.300030
36 94 0.171427
36 95 0.244638
36 96 0.043443
36 98 -0.041949
37 0 0.335514
37 1 -0.059545
37 2 0.080125
37 3 -0.029094
37 4 -0.230365
37 5 0.187087
37 6 0.292821
37 7 0.005246
37 8 -0.284258
37 9 0.317507
37 10 0.120682
37 11 -0.043275
37 12 0.069361
37 13 -0.042966
37 14 0.064385
37 15 0.152190
37 16 -0.068479
37 17 -0.095663
37 18 -0.179126
37 19 0.098758
37 20 0.055608
37 21 -0.164175
37 22 0.151329
37 23 -0.082038
37 24 0.025967
37 25 -0.036883
37 26 0.023302
37 62 0.007693
37 63 0.257551
37 64 0.201392
37 65 -0.049454
37 66 0.292586
37 67 0.197613
37 68 0.263145
37 69 0.156079
37 70 0.180625
37 71 0.259514
37 72 0.207715
37 73 0.267400
37 74 0.229072
37 75 0.225715
37 76 0.125808
37 77 0.104912
37 78 0.269384
37 79 -0.055565
37 80 -0.044407
37 81 0.304615
37 82 0.239081
37 83 -0.055072
37 84 0.275508
37 85 0.269474
37 86 0.275296
37 87 -0.004108
37 88 -0.081494
37 89 0.133497
37 90 0.253385
37 91 -0.076154
37 92 0.066237
37 93 0.258752
37 94 0.006169
37 95 -0.021655
37 96 0.065814
37 98 -0.106716
38 0 -0.011369
38 1 -0.158593
38 2 0.004840
38 3 -0.006267
38 4 0.288595
38 5 -0.372203
38 6 -0.026284
38 7 -0.023578
38 8 -0.233412
38 9 0.133317
38 10 0.092263
38 11 -0.003976
38 12 -0.379419
38 13 0.283319
38 14 -0.090436
38 15 0.058284
38 16 0.051485
38 17 -0.159106
38 18 -0.028148
38 19 0.107980
38 20 -0.303969
38 21 -0.101187
38 22 0.076512
38 23 -0.140967
38 24 0.246088
38 25 0.073934
38 26 -0.118203
38 62 0.407870
38 63 -0.305977
38 64 -0.364631
38 65 0.028760
38 66 -0.356219
38 67 -0.261559
38 68 -0.341305
38 69 -0.254776
38 70 -0.259410
38 71 -0.352652
38 72 -0.324137
38 73 -0.289696
38 74 -0.316856
38 75 -0.468315
38 76 -0.237511
38 77 -0.273574
38 78 -0.384963
38 79 0.054533
38 80 0.367476
38 81 -0.195791
38 82 -0.210622
38 83 -0.106435
38 84 -0.262132
38 85 -0.362072
38 86 -0.283848
38 87 0.066620
38 88 0.179291
38 89 -0.319215
38 90 -0.341448
38 91 0.335498
38 92 -0.105155
38 93 -0.387761
38 94 0.369913
38 95 0.292075
38 96 0.007157
38 98 -0.141806
39 0 -0.039335
39 1 -0.286114
39 2 0.002584
39 3 0.193902
39 4 -0.025227
39 5 -0.043067
39 6 -0.066614
39 7 0.143229
39 8 0.114556
39 9 -0.090806
39 10 0.047975
39 11 0.059319
39 12 -0.071185
39 13 0.102102
39 14 0.072241
39 15 0.092731
39 16 -0.010170
39 17 -0.145004
39 18 0.128178
39 19 -0.024169
39 20 -0.183929
39 21 -0.023686
39 22 -0.061700
39 23 -0.063722
39 24 -0.048746
39 25 0.046562
39 26 0.282835
39 62 0.045616
39 63 -0.221537
39 64 -0.213649
39 65 0.077887
39 66 -0.147049
39 67 -0.068505
39 68 -0.083522
39 69 -0.198675
39 70 -0.145802
39 71 -0.092487
39 72 -0.116793
39 73 -0.134720
39 74 -0.105438
39 75 -0.363925
39 76 -0.330700
39 77 -0.137898
39 78 -0.114842
39 79 -0.070922
39 80 0.090741
39 81 -0.128085
39 82 -0.206381
39 83 -0.099876
39 84 -0.279609
39 85 -0.270357
39 86 -0.129010
39 87 -0.003013
39 88 0.065461
39 89 -0.092839
39 90 -0.196570
39 91 0.211128
39 92 -0.118537
39 93 -0.101903
39 94 0.265929
39 95 0.114348
39 96 -0.032586
39 98 0.067653
40 0 -0.337089
40 1 0.056501
40 2 0.225038
40 3 -0.046605
40 4 0.276641
40 5 -0.186399
40 6 0.052910
40 7 0.044121
40 8 -0.017278
40 9 0.158547
40 10 -0.262005
40 11 -0.118306
40 12 0.269656
40 13 -0.313435
40 14 0.031618
40 15 -0.064399
40 16 -0.562969
40 17 0.122285
40 18 0.174836
40 19 0.072324
40 20 -0.101555
40 21 -0.042641
40 22 0.158282
40 23 0.069606
40 24 -0.242354
40 25 0.093883
40 26 0.336806
40 62 -0.198478
40 63 0.222762
40 64 0.170580
40 65 -0.185838
40 66 0.346754
40 67 0.137422
40 68 0.283476
40 69 0.235085
40 70 0.273809
40 71 0.191860
40 72 0.302260
40 73 0.234974
40 74 0.285009
40 75 0.321604
40 76 0.263012
40 77 0.309601
40 78 0.224560
40 79 -0.097718
40 80 -0.209222
40 81 0.326684
40 82 0.232306
40 83 0.075731
40 84 0.287502
40 85 0.345299
40 86 0.334788
40 87 -0.058374
40 88 -0.144867
40 89 0.323311
40 90 0.221427
40 91 -0.170594
40 92 -0.086901
40 93 0.179333
40 94 -0.135716
40 95 -0.101636
40 96 0.057428
40 98 0.228500
41 0 0.061254
41 1 0.133699
41 2 -0.005254
41 3 0.089402
41 4 -0.089379
41 5 0.018743
41 6 0.160454
41 7 -0.153483
41 8 0.239723
41 9 0.007938
41 10 0.150559
41 11 -0.023847
41 12 0.023246
41 13 0.100078
41 14 0.042827
41 15 0.013494
41 16 -0.151700
41 17 0.198033
41 18 0.075080
41 19 0.005566
41 20 0.194366
41 21 -0.021316
41 22 0.156658
41 23 -0.132568
41 24 0.065042
41 25 0.106505
41 26 0.149596
41 62 0.017604
41 63 0.100112
41 64 -0.062124
41 65 0.071967
41 66 0.193163
41 67 0.099373
41 68 0.187784
41 69 0.080199
41 70 0.108882
41 71 0.195975
41 72 -0.061592
41 73 0.143797
41 74 0.199650
41 75 0.093269
41 76 0.118712
41 77 0.142463
41 78 0.169100
41 79 -0.026087
41 80 0.024603
41 81 0.133165
41 82 -0.002972
41 83 0.047624
41 84 -0.047453
41 85 0.070871
41 86 0.007203
41 87 -0.030147
41 88 0.035432
41 89 0.186224
41 90 0.155863
41 91 -0.066897
41 92 0.006501
41 93 0.192730
41 94 0.026306
41 95 -0.047370
41 96 -0.007491
41 98 0.201129
42 0 -0.038268
42 1 0.154117
42 2 0.060195
42 3 -0.146337
42 4 0.085602
42 5 -0.045458
42 6 -0.261097
42 7 0.262515
42 8 0.252635
42 9 0.005913
42 10 -0.224987
42 11 0.225654
42 12 -0.098712
42 13 0.054154
42 14 0.149514
42 15 -0.138850
42 16 0.179867
42 17 -0.060680
42 18 -0.115937
42 19 -0.133639
42 20 -0.070761
42 21 0.167947
42 22 -0.112763
42 23 0.174939
42 24 0.127547
42 25 -0.089028
42 26 -0.095676
42 62 -0.123952
42 63 0.212050
42 64 0.243620
42 65 -0.137291
42 66 0.233666
42 67 0.039048
42 68 0.139531
42 69 0.174077
42 70 0.249712
42 71 0.067071
42 72 0.233118
42 73 0.235173
42 74 0.203680
42 75 0.143683
42 76 0.268047
42 77 0.265004
42 78 0.141319
42 79 0.062897
42 80 -0.074480
42 81 0.274658
42 82 0.090334
42 83 0.048753
42 84 0.095685
42 85 0.249165
42 86 0.217872
42 87 0.029866
42 88 -0.084866
42 89 0.242893
42 90 0.218367
42 91 -0.057003
42 92 0.036748
42 93 0.135143
42 94 -0.141132
42 95 -0.079774
42 96 -0.053960
42 98 -0.238660
43 0 0.211375
43 1 -0.100829
43 2 -0.089943
43 3 -0.057870
43 4 -0.021716
43 5 0.001958
43 6 -0.206251
43 7 0.293794
43 8 0.004125
43 9 0.139270
43 10 0.040469
43 11 -0.332386
43 12 -0.010054
43 13 -0.191210
43 14 -0.010917
43 15 -0.104444
43 16 -0.042530
43 17 0.047403
43 18 -0.092984
43 19 -0.028239
43 20 0.028253
43 21 0.278365
43 22 -0.070899
43 23 -0.168047
43 24 -0.210365
43 25 -0.040606
43 26 0.009033
43 62 0.306702
43 63 -0.141187
43 64 -0.105269
43 65 0.269809
43 66 -0.054414
43 67 -0.030178
43 68 -0.065453
43 69 -0.217200
43 70 -0.160297
43 71 -0.085791
43 72 -0.016892
43 73 -0.064833
43 74 -0.161382
43 75 -0.083753
43 76 -0.263878
43 77 -0.092566
43 78 -0.086717
43 79 -0.021158
43 80 0.208986
43 81 -0.039399
43 82 -0.230567
43 83 -0.010492
43 84 -0.194445
43 85 -0.234945
43 86 -0.233131
43 87 0.060491
43 88 0.132102
43 89 -0.089977
43 90 -0.063308
43 91 0.213054
43 92 -0.148968
43 93 -0.036767
43 94 0.177781
43 95 0.185328
43 96 0.062649
43 98 0.064001
44 0 0.156257
44 1 -0.221270
44 2 -0.225869
44 3 -0.039861
44 4 0.171028
44 5 -0.226071
44 6 -0.231341
44 7 0.243435
44 8 -0.228094
44 9 0.037068
44 10 -0.132799
44 11 0.261802
44 12 0.173341
44 13 -0.243672
44 14 -0.108054
44 15 -0.015823
44 16 0.051833
44 17 -0.069125
44 18 -0.164439
44 19 0.085178
44 20 -0.104932
44 21 0.238740
44 22 0.166351
44 23 0.406498
44 24 -0.174686
44 25 0.085040
44 26 -0.112809
44 62 -0.267959
44 63 0.256388
44 64 0.143650
44 65 -0.118616
44 66 0.156489
44 67 0.093313
44 68 0.199596
44 69 0.147581
44 70 0.204093
44 71 0.070164
44 72 0.293984
44 73 0.247836
44 74 0.267187
44 75 0.260848
44 76 0.140626
44 77 0.223916
44 78 0.231230
44 79 0.075896
44 80 -0.206076
44 81 0.258631
44 82 0.068625
44 83 0.058129
44 84 0.086543
44 85 0.197405
44 86 0.266217
44 87 -0.097840
44 88 -0.189976
44 89 0.257894
44 90 0.182325
44 91 -0.218948
44 92 0.059607
44 93 0.134517
44 94 -0.145182
44 95 -0.036561
44 96 0.070557
44 98 -0.085520
45 0 0.081377
45 1 0.042208
45 2 0.063773
45 3 -0.179431
45 4 -0.305031
45 5 0.333573
45 6 -0.027800
45 7 0.219307
45 8 0.173168
45 9 -0.114057
45 10 -0.084962
45 11 0.168426
45 12 0.296788
45 13 -0.145103
45 14 -0.105831
45 15 -0.004516
45 16 -0.074769
45 17 0.140956
45 18 -0.115668
45 19 0.011049
45 20 0.360881
45 21 0.030146
45 22 -0.012866
45 23 -0.086952
45 24 -0.103128
45 25 0.104869
45 26 -0.032060
45 62 0.227802
45 63 -0.124272
45 64 -0.077992
45 65 0.235764
45 66 -0.101597
45 67 -0.059116
45 68 -0.189235
45 69 -0.210373
45 70 -0.087448
45 71 -0.151915
45 72 -0.051133
45 73 -0.082875
45 74 -0.156994
45 75 -0.168518
45 76 -0.216694
45 77 -0.191775
45 78 -0.094889
45 79 0.010621
45 80 0.155408
45 81 -0.107148
45 82 -0.112162
45 83 -0.022270
45 84 -0.204748
45 85 -0.192656
45 86 -0.098905
45 87 0.034663
45 88 0.045346
45 89 -0.198335
45 90 -0.071008
45 91 0.120696
45 92 0.025244
45 93 -0.177210
45 94 0.245098
45 95 0.211878
45 96 -0.020171
45 98 -0.061780
46 0 0.109809
46 1 -0.125649
46 2 0.049733
46 3 -0.131295
46 4 0.011151
46 5 -0.042994
46 6 -0.336379
46 7 0.221572
46 8 -0.279759
46 9 0.044584
46 10 -0.356322
46 11 0.313658
46 12 0.034472
46 13 -0.184604
46 14 0.067056
46 15 -0.084113
46 16 0.092653
46 17 -0.089954
46 18 -0.206934
46 19 -0.095721
46 20 -0.040101
46 21 0.210517
46 22 -0.032025
46 23 0.266389
46 24 -0.005130
46 25 -0.123324
46 26 -0.187710
46 62 -0.191013
46 63 0.312090
46 64 0.268435
46 65 -0.181054
46 66 0.373377
46 67 0.208910
46 68 0.361411
46 69 0.410340
46 70 0.409553
46 71 0.345638
46 72 0.281545
46 73 0.395599
46 74 0.243220
46 75 0.394191
46 76 0.373241
46 77 0.292426
46 78 0.296820
46 79 0.023575
46 80 -0.202229
46 81 0.336951
46 82 0.243827
46 83 0.052541
46 84 0.244214
46 85 0.449400
46 86 0.421030
46 87 0.008527
46 88 -0.124802
46 89 0.324528
46 90 0.265161
46 91 -0.155957
46 92 0.027532
46 93 0.381853
46 94 -0.193401
46 95 -0.245123
46 96 0.045725
46 98 -0.275987
47 0 -0.021570
47 1 -0.058649
47 2 -0.117752
47 3 -0.107067
47 4 -0.037791
47 5 -0.242541
47 6 -0.285074
47 7 0.188493
47 8 -0.283483
47 9 0.110276
47 10 -0.307184
47 11 0.220554
47 12 0.074021
47 13 -0.172456
47 14 0.047759
47 15 -0.067466
47 16 0.000753
47 17 -0.129564
47 18 -0.123480
47 19 -0.125166
47 20 -0.057302
47 21 0.238135
47 22 0.221593
47 23 0.295806
47 24 -0.080464
47 25 -0.152038
47 26 -0.024029
47 62 -0.199702
47 63 0.344168
47 64 0.324083
47 65 -0.013848
47 66 0.259844
47 67 0.175581
47 68 0.294347
47 69 0.276226
47 70 0.131108
47 71 0.118561
47 72 0.147338
47 73 0.303545
47 74 0.302501
47 75 0.317658
47 76 0.246620
47 77 0.215006
47 78 0.180526
47 79 0.072526
47 80 -0.113351
47 81 0.221630
47 82 0.108038
47 83 0.060461
47 84 0.273548
47 85 0.280741
47 86 0.324759
47 87 -0.046998
47 88 -0.171205
47 89 0.154830
47 90 0.301435
47 91 -0.141533
47 92 0.051179
47 93 0.254552
47 94 -0.085176
47 95 -0.076978
47 96 0.017120
47 98 -0.131929
48 0 0.212679
48 1 -0.109975
48 2 -0.224945
48 3 0.127671
48 4 0.104039
48 5 -0.148064
48 6 -0.113561
48 7 0.013669
48 8 0.439588
48 9 -0.061241
48 10 -0.096229
48 11 0.054624
48 12 0.059208
48 13 0.145772
48 14 -0.252935
48 15 0.137984
48 16 0.246181
48 17 -0.064543
48 18 -0.101441
48 19 0.249584
48 20 0.094053
48 21 0.190992
48 22 0.037100
48 23 0.122629
48 24 -0.012433
48 25 0.238991
48 26 -0.194300
48 62 -0.255953
48 63 0.050686
48 64 0.157050
48 65 -0.145134
48 66 0.190341
48 67 0.125839
48 68 0.146955
48 69 0.154246
48 70 0.197767
48 71 0.173076
48 72 0.149095
48 73 0.209603
48 74 0.216407
48 75 0.173832
48 76 0.193570
48 77 0.165268
48 78 0.229480
48 79 -0.084149
48 80 -0.166228
48 81 0.027395
48 82 0.063401
48 83 -0.101820
48 84 0.011595
48 85 0.091768
48 86 0.160394
48 87 -0.028520
48 88 -0.083577
48 89 0.204905
48 90 0.113299
48 91 -0.086996
48 92 0.070072
48 93 0.217285
48 94 -0.069378
48 95 -0.120712
48 96 -0.107872
48 98 0.122379
49 0 0.006760
49 1 -0.128201
49 2 0.231546
49 3 -0.210646
49 4 -0.075207
49 5 0.125763
49 6 -0.191053
49 7 0.070535
49 8 -0.102334
49 9 0.204214
49 10 -0.099932
49 11 0.126148
49 12 -0.154145
49 13 -0.049636
49 14 0.146092
49 15 -0.129351
49 16 0.166009
49 17 -0.013600
49 18 -0.143234
49 19 -0.140040
49 20 0.151011
49 21 0.011873
49 22 0.019805
49 23 0.127092
49 24 0.146128
49 25 -0.087141
49 26 -0.166156
49 62 -0.071863
49 63 0.271250
49 64 0.271094
49 65 -0.096561
49 66 0.121735
49 67 0.204473
49 68 0.136082
49 69 0.264371
49 70 0.193045
49 71 0.202322
49 72 0.104049
49 73 0.181924
49 74 0.108730
49 75 0.314908
49 76 0.278416
49 77 0.265774
49 78 0.293054
49 79 0.054853
49 80 0.000169
49 81 0.140182
49 82 0.218404
49 83 -0.125645
49 84 0.230581
49 85 0.284654
49 86 0.312985
49 87 0.000003
49 88 -0.041368
49 89 0.240571
49 90 0.187900
49 91 -0.102111
49 92 -0.039995
49 93 0.209370
49 94 -0.085204
49 95 -0.041408
49 96 0.021560
49 98 -0.272755
50 0 0.028105
50 1 -0.010558
50 2 0.131716
50 3 -0.110025
50 4 -0.293907
50 5 0.266365
50 6 -0.052324
50 7 -0.046864
50 8 -0.094489
50 9 -0.086499
50 10 -0.048972
50 11 -0.024254
50 12 -0.238188
50 13 0.215354
50 14 0.206196
50 15 -0.184302
50 16 0.058587
50 17 0.033449
50 18 -0.032996
50 19 -0.085167
50 20 0.273665
50 21 0.020473
50 22 0.145020
50 23 -0.017121
50 24 0.308150
50 25 -0.203170
50 26 -0.241839
50 62 -0.154300
50 63 0.274297
50 64 0.163070
50 65 -0.034079
50 66 0.121467
50 67 0.228548
50 68 0.237841
50 69 0.107910
50 70 0.245678
50 71 0.087556
50 72 0.211666
50 73 0.256456
50 74 0.227304
50 75 0.231164
50 76 0.248073
50 77 0.201727
50 78 0.293382
50 79 0.049008
50 80 -0.022003
50 81 0.229950
50 82 0.208053
50 83 -0.028671
50 84 0.233307
50 85 0.266813
50 86 0.313027
50 87 -0.081623
50 88 -0.058328
50 89 0.269106
50 90 0.235049
50 91 -0.205811
50 92 -0.005101
50 93 0.278853
50 94 -0.100514
50 95 -0.029530
50 96 0.057996
50 98 -0.016111
51 0 0.015775
51 1 -0.032380
51 2 -0.192369
51 3 0.132019
51 4 -0.047559
51 5 -0.187834
51 6 0.023867
51 7 0.023107
51 8 0.280093
51 9 -0.111330
51 10 0.010387
51 11 0.146375
51 12 0.010298
51 13 -0.090734
51 14 0.094074
51 15 -0.041539
51 16 -0.114399
51 17 0.093566
51 18 -0.198628
51 19 0.257556
51 20 0.050810
51 21 -0.017532
51 22 -0.108405
51 23 -0.033437
51 24 0.043983
51 25 0.052796
51 26 0.169652
51 62 0.053197
51 63 -0.077640
51 64 -0.088763
51 65 0.096953
51 66 -0.079750
51 67 0.009721
51 68 -0.200628
51 69 -0.195330
51 70 -0.177632
51 71 -0.076889
51 72 -0.051971
51 73 -0.082386
51 74 -0.129212
51 75 -0.084738
51 76 -0.082532
51 77 -0.064319
51 78 -0.191346
51 79 0.018359
51 80 0.118981
51 81 -0.086100
51 82 -0.160996
51 83 0.054670
51 84 -0.066346
51 85 -0.217880
51 86 -0.104018
51 87 0.041151
51 88 0.208800
51 89 -0.002773
51 90 -0.076206
51 91 0.235800
51 92 -0.040104
51 93 -0.015608
51 94 0.228846
51 95 0.203146
51 96 -0.081219
51 98 -0.082376
52 0 0.010834
52 1 0.221926
52 2 -0.033830
52 3 0.002396
52 4 -0.260055
52 5 -0.028447
52 6 0.334417
52 7 -0.222375
52 8 0.297242
52 9 0.062988
52 10 0.258729
52 11 -0.291916
52 12 0.077152
52 13 0.250780
52 14 -0.047910
52 15 -0.048220
52 16 -0.189650
52 17 0.235519
52 18 0.091473
52 19 0.085461
52 20 0.230131
52 21 -0.158613
52 22 0.146592
52 23 -0.319841
52 24 0.169842
52 25 0.139706
52 26 0.234843
52 62 -0.247464
52 63 0.182444
52 64 0.253099
52 65 -0.112152
52 66 0.336782
52 67 0.309620
52 68 0.242012
52 69 0.364945
52 70 0.196912
52 71 0.330473
52 72 0.065604
52 73 0.265257
52 74 0.425958
52 75 0.103415
52 76 0.136008
52 77 0.296269
52 78 0.350802
52 79 -0.003690
52 80 -0.075849
52 81 0.324221
52 82 0.331437
52 83 0.013633
52 84 0.265581
52 85 0.269358
52 86 0.351044
52 87 -0.047768
52 88 -0.127233
52 89 0.430270
52 90 0.376124
52 91 -0.157903
52 92 -0.076527
52 93 0.401449
52 94 -0.223208
52 95 -0.077495
52 96 -0.102775
52 98 0.390964
53 0 0.198775
53 1 -0.165471
53 2 0.049393
53 3 0.140247
53 4 -0.138398
53 5 -0.061742
53 6 -0.022841
53 7 0.012141
53 8 0.197231
53 9 -0.175881
53 10 -0.078390
53 11 0.187291
53 12 -0.010609
53 13 -0.032162
53 14 -0.010578
53 15 0.116040
53 16 -0.199811
53 17 0.302790
53 18 -0.145383
53 19 0.004306
53 20 0.078509
53 21 -0.005306
53 22 -0.037407
53 23 0.047440
53 24 0.130553
53 25 0.039338
53 26 0.395304
53 62 -0.023617
53 63 -0.143561
53 64 -0.135330
53 65 0.190389
53 66 -0.212389
53 67 -0.077695
53 68 -0.300717
53 69 -0.220501
53 70 -0.155019
53 71 -0.167039
53 72 -0.084231
53 73 -0.175847
