7072
0 27 -0.600414
0 28 -0.249784
0 29 -0.167662
0 30 -0.815871
0 31 0.766321
0 32 -0.796722
0 33 -0.397646
0 34 0.097633
0 35 -0.895947
0 36 0.158122
0 37 0.198324
0 38 0.334699
0 39 -1.102799
0 40 0.516623
0 41 -0.429335
0 42 0.030254
0 43 0.751162
0 44 -0.708151
0 45 -1.848769
0 46 0.085500
0 47 -1.175913
0 48 0.953150
0 49 -0.235886
0 50 0.101517
0 51 0.215539
0 52 -0.729490
0 53 -0.001587
0 54 0.009783
0 55 -0.381986
0 56 -0.037153
0 57 0.153875
0 58 -0.843018
0 59 -0.133936
0 60 -0.602662
0 61 -0.762138
1 27 0.635175
1 28 -0.058695
1 29 0.181108
1 30 0.949256
1 31 -0.798077
1 32 1.061146
1 33 -0.620996
1 34 0.311833
1 35 1.340715
1 36 -1.202684
1 37 -1.139640
1 38 -0.979567
1 39 -1.764650
1 40 -0.376702
1 41 0.801075
1 42 -0.932936
1 43 -1.805751
1 44 0.558014
1 45 1.455128
1 46 -2.067539
1 47 0.101355
1 48 -1.108218
1 49 -0.204673
1 50 0.457174
1 51 -0.501121
1 52 -0.017848
1 53 -0.210134
1 54 -0.286140
1 55 -0.107287
1 56 0.100035
1 57 0.091018
1 58 0.321259
1 59 1.544793
1 60 0.470813
1 61 -1.101106
2 27 -1.080330
2 28 0.303673
2 29 0.206087
2 30 -1.627442
2 31 0.491095
2 32 -0.566698
2 33 0.139034
2 34 -0.844095
2 35 -0.189124
2 36 -0.554958
2 37 0.637442
2 38 -0.421851
2 39 -0.472927
2 40 -0.466717
2 41 -0.291083
2 42 0.210366
2 43 0.448923
2 44 0.043273
2 45 0.803714
2 46 0.270077
2 47 -0.017308
2 48 -0.281275
2 49 -0.832025
2 50 -0.522292
2 51 -0.716660
2 52 1.381313
2 53 0.019138
2 54 -0.488290
2 55 0.561720
2 56 -0.177123
2 57 1.504623
2 58 0.690864
2 59 -0.176518
2 60 0.399088
2 61 0.903678
3 27 1.468767
3 28 0.348946
3 29 0.828525
3 30 2.596673
3 31 -1.354649
3 32 -0.296218
3 33 -0.499881
3 34 0.724956
3 35 -0.716708
3 36 0.721065
3 37 -0.588169
3 38 0.143154
3 39 -0.464108
3 40 0.021007
3 41 -0.370629
3 42 -0.454195
3 43 -0.700523
3 44 -0.273395
3 45 -0.525665
3 46 0.666169
3 47 -0.033224
3 48 -1.484987
3 49 0.959731
3 50 2.072971
3 51 -0.097892
3 52 -1.185746
3 53 -0.181113
3 54 -0.477550
3 55 -0.176258
3 56 0.127771
3 57 1.547641
3 58 -0.521966
3 59 1.098989
3 60 -1.232711
3 61 -0.083265
4 27 1.069763
4 28 -0.139418
4 29 0.228397
4 30 -2.648468
4 31 -1.780396
4 32 1.116759
4 33 0.437786
4 34 0.521407
4 35 0.575822
4 36 0.087103
4 37 -1.894415
4 38 -0.879218
4 39 -0.594254
4 40 0.278752
4 41 -0.337942
4 42 0.563874
4 43 0.602094
4 44 0.311524
4 45 2.158602
4 46 0.583921
4 47 -0.800235
4 48 -1.052193
4 49 0.134571
4 50 -0.643139
4 51 0.005833
4 52 -2.149456
4 53 -0.213408
4 54 0.154975
4 55 -0.319939
4 56 -0.536199
4 57 -0.295321
4 58 -0.330173
4 59 -0.185555
4 60 -0.455634
4 61 0.006783
5 27 -0.895670
5 28 -0.235572
5 29 0.078967
5 30 2.865274
5 31 0.615679
5 32 -0.793650
5 33 0.726811
5 34 -0.367283
5 35 -1.409646
5 36 -0.011518
5 37 1.757678
5 38 0.935427
5 39 0.618416
5 40 -0.276928
5 41 1.202611
5 42 -0.776421
5 43 -1.609355
5 44 -0.918228
5 45 -0.171580
5 46 0.361764
5 47 0.209940
5 48 1.111216
5 49 -0.992909
5 50 0.755233
5 51 -0.213696
5 52 1.533106
5 53 -0.147466
5 54 -0.043444
5 55 -1.254429
5 56 0.050745
5 57 0.246054
5 58 -0.058550
5 59 -1.508294
5 60 -0.941294
5 61 1.072605
6 27 0.529222
6 28 1.511668
6 29 0.354700
6 30 -0.277607
6 31 -0.166095
6 32 -1.599336
6 33 0.920785
6 34 0.720440
6 35 -0.439133
6 36 0.209191
6 37 0.505960
6 38 0.328564
6 39 -0.669517
6 40 -0.214374
6 41 -0.885536
6 42 -1.685449
6 43 -2.049485
6 44 -1.900192
6 45 -0.870355
6 46 -0.380988
6 47 -0.010062
6 48 0.555081
6 49 -0.142489
6 50 -0.814912
6 51 -0.256479
6 52 0.548268
6 53 -0.002349
6 54 -0.363762
6 55 -0.189023
6 56 -0.054802
6 57 0.716176
6 58 0.462456
6 59 0.587030
6 60 -0.483042
6 61 0.196556
7 27 0.594027
7 28 -0.867740
7 29 0.362870
7 30 -1.668420
7 31 0.450341
7 32 1.324424
7 33 -0.418227
7 34 -1.113508
7 35 0.465041
7 36 -1.519787
7 37 -1.528917
7 38 -0.701856
7 39 0.844859
7 40 -0.150831
7 41 -0.766006
7 42 1.460816
7 43 0.060215
7 44 1.058037
7 45 -1.374929
7 46 0.951130
7 47 -1.213794
7 48 -1.042661
7 49 -0.293271
7 50 -0.395676
7 51 -0.111554
7 52 -1.489953
7 53 0.036460
7 54 -0.566297
7 55 1.451028
7 56 0.571893
7 57 -1.261915
7 58 -0.468350
7 59 -0.769815
7 60 1.015606
7 61 -1.302815
8 27 0.245458
8 28 1.340580
8 29 0.548606
8 30 1.426569
8 31 -1.247208
8 32 0.472980
8 33 0.877270
8 34 -1.388956
8 35 -1.659405
8 36 -0.904589
8 37 -2.010005
8 38 -0.559236
8 39 -0.448738
8 40 -0.015788
8 41 -0.725700
8 42 0.300776
8 43 -0.706348
8 44 0.853060
8 45 -0.790670
8 46 0.619656
8 47 0.223159
8 48 0.655604
8 49 -0.745939
8 50 -0.877571
8 51 -0.624464
8 52 0.826839
8 53 -0.041935
8 54 0.304759
8 55 -0.286006
8 56 0.138483
8 57 1.827428
8 58 -1.158980
8 59 0.326682
8 60 -0.294504
8 61 -0.439649
9 27 -1.676552
9 28 -0.666880
9 29 -0.880505
9 30 -1.990427
9 31 1.070048
9 32 -1.200269
9 33 -0.128691
9 34 0.372058
9 35 1.043678
9 36 0.089242
9 37 0.752040
9 38 0.253929
9 39 0.256105
9 40 -0.367974
9 41 0.519557
9 42 0.278863
9 43 0.472409
9 44 -0.876935
9 45 0.338725
9 46 -1.763719
9 47 -0.213927
9 48 -0.992041
9 49 0.835216
9 50 -0.332135
9 51 -0.005793
9 52 -1.233929
9 53 -0.084010
9 54 -1.004875
9 55 -1.717303
9 56 -0.356817
9 57 -1.188181
9 58 0.383139
9 59 0.016927
9 60 -1.442284
9 61 -0.056327
10 27 -0.249919
10 28 -1.054699
10 29 -0.654543
10 30 -1.114746
10 31 -1.288252
10 32 1.183260
10 33 -0.901435
10 34 0.671408
10 35 0.868565
10 36 0.329535
10 37 0.551862
10 38 0.038651
10 39 -0.248869
10 40 -0.313474
10 41 -1.177424
10 42 -1.039089
10 43 0.369972
10 44 0.034677
10 45 0.172780
10 46 -0.558083
10 47 -0.453092
10 48 -0.488622
10 49 0.228925
10 50 -0.083563
10 51 -0.003382
10 52 -0.528425
10 53 0.028613
10 54 -0.862548
10 55 -0.954938
10 56 0.364287
10 57 -1.179189
10 58 -0.173005
10 59 -0.380426
10 60 -1.287028
10 61 -1.229596
11 27 0.350872
11 28 -0.108580
11 29 -0.340904
11 30 -0.201337
11 31 0.105426
11 32 -0.703385
11 33 -1.246031
11 34 -1.192181
11 35 -0.211830
11 36 -0.955596
11 37 -1.633966
11 38 -0.295765
11 39 -1.146195
11 40 -0.040533
11 41 -0.951987
11 42 1.609154
11 43 -0.834778
11 44 -0.447325
11 45 0.182998
11 46 0.628295
11 47 -0.665466
11 48 -0.503348
11 49 -0.125582
11 50 -0.346068
11 51 -0.322896
11 52 -1.148471
11 53 -0.180871
11 54 -1.208654
11 55 -0.706136
11 56 0.145658
11 57 -0.869565
11 58 -0.887135
11 59 -0.399114
11 60 0.776821
11 61 0.410676
12 27 0.109363
12 28 -1.523532
12 29 -0.131076
12 30 0.887329
12 31 0.195731
12 32 -0.783100
12 33 -0.406260
12 34 0.017866
12 35 -0.394097
12 36 -0.728618
12 37 -2.051944
12 38 0.461580
12 39 0.252664
12 40 -0.626587
12 41 0.489937
12 42 0.173047
12 43 -1.242183
12 44 -1.146021
12 45 0.001197
12 46 -0.062993
12 47 0.534696
12 48 -0.575421
12 49 0.348172
12 50 0.587998
12 51 0.009357
12 52 -1.643437
12 53 -0.054673
12 54 -0.089734
12 55 0.725916
12 56 -1.064920
12 57 -0.498249
12 58 0.041473
12 59 -1.080286
12 60 0.563679
12 61 0.183476
13 27 -1.235482
13 28 -0.736399
13 29 -0.698426
13 30 -1.491060
13 31 0.175866
13 32 1.808879
13 33 0.693100
13 34 -0.493872
13 35 0.960348
13 36 -0.022327
13 37 1.772578
13 38 -0.982292
13 39 0.861587
13 40 0.186134
13 41 -1.154541
13 42 0.136561
13 43 1.572921
13 44 0.938189
13 45 0.293238
13 46 0.118789
13 47 -0.993483
13 48 1.376641
13 49 -0.606522
13 50 -1.296323
13 51 -0.309001
13 52 0.450788
13 53 -0.009903
13 54 -1.036843
13 55 1.136494
13 56 0.425383
13 57 -2.191515
13 58 0.134787
13 59 -1.251272
13 60 -0.641189
13 61 0.920081
14 27 -1.225427
14 28 -0.238797
14 29 -0.700418
14 30 1.641325
14 31 0.774205
14 32 -0.297996
14 33 -0.547591
14 34 -0.313758
14 35 -0.326475
14 36 -0.674239
14 37 0.243095
14 38 -0.359315
14 39 0.071598
14 40 0.037688
14 41 0.907747
14 42 0.095767
14 43 -0.563861
14 44 0.925603
14 45 0.938905
14 46 -0.442950
14 47 0.132709
14 48 -0.599914
14 49 -0.603551
14 50 0.679027
14 51 -0.312306
14 52 -0.250540
14 53 -0.228438
14 54 -0.791849
14 55 -0.340470
14 56 0.074032
14 57 -1.723340
14 58 0.214477
14 59 -0.071463
14 60 -0.006260
14 61 -0.066025
15 27 -0.202473
15 28 0.478742
15 29 -0.286482
15 30 0.421880
15 31 -0.938095
15 32 -0.195686
15 33 -0.717990
15 34 1.402125
15 35 -0.271926
15 36 0.642991
15 37 -0.628816
15 38 0.383310
15 39 -1.511287
15 40 -0.222211
15 41 0.282179
15 42 -0.497502
15 43 -0.331269
15 44 -0.007011
15 45 -1.151489
15 46 0.264217
15 47 0.773940
15 48 -0.965869
15 49 -0.452485
15 50 -0.381366
15 51 1.143251
15 52 -0.932392
15 53 -0.301852
15 54 -0.395236
15 55 0.228252
15 56 -0.269702
15 57 1.273338
15 58 -0.838217
15 59 -1.573998
15 60 0.140919
15 61 0.340226
16 27 -0.616513
16 28 -0.708948
16 29 -0.093132
16 30 0.405286
16 31 -0.118659
16 32 -0.255208
16 33 -0.975140
16 34 -0.346353
16 35 0.515719
16 36 0.021944
16 37 0.042876
16 38 -0.622506
16 39 0.037551
16 40 -0.687499
16 41 0.335186
16 42 0.722732
16 43 -0.677119
16 44 -0.360982
16 45 -1.501136
16 46 -0.447638
16 47 0.193816
16 48 -0.929686
16 49 0.056005
16 50 1.050058
16 51 0.086000
16 52 -1.992914
16 53 -0.257493
16 54 -1.383608
16 55 -0.279848
16 56 0.995579
16 57 -0.655934
16 58 -0.743851
16 59 -0.948865
16 60 -0.151187
16 61 0.358929
17 27 -0.295580
17 28 1.444586
17 29 0.096959
17 30 -0.672432
17 31 -0.423999
17 32 -0.818491
17 33 0.889136
17 34 0.726169
17 35 -1.373336
17 36 -0.315164
17 37 -0.991465
17 38 0.418931
17 39 -0.170103
17 40 0.378848
17 41 -0.763498
17 42 -0.355506
17 43 0.496557
17 44 -0.714477
17 45 1.451307
17 46 0.040676
17 47 0.631986
17 48 2.011670
17 49 0.121631
17 50 -0.205806
17 51 -0.344596
17 52 0.206976
17 53 -0.048442
17 54 1.676076
17 55 0.473223
17 56 -0.209528
17 57 2.336363
17 58 0.715457
17 59 1.301964
17 60 -0.036726
17 61 -0.292561
18 27 -0.431124
18 28 -0.701782
18 29 -0.004416
18 30 -0.020599
18 31 -1.226370
18 32 -0.308395
18 33 -0.976181
18 34 -0.015832
18 35 0.992050
18 36 -0.685199
18 37 -1.098988
18 38 -0.742715
18 39 -0.617535
18 40 -0.302859
18 41 0.828296
18 42 -0.167340
18 43 -1.341414
18 44 0.666961
18 45 0.243804
18 46 -1.130631
18 47 0.986281
18 48 -1.093504
18 49 0.062659
18 50 0.614513
18 51 -0.262916
18 52 -0.088459
18 53 0.402710
18 54 -0.825081
18 55 -0.503517
18 56 -0.400833
18 57 -0.668608
18 58 0.439358
18 59 -0.993389
18 60 -0.281769
18 61 -0.329520
19 27 0.799317
19 28 -0.534643
19 29 0.024368
19 30 0.915465
19 31 -0.911371
19 32 -0.967220
19 33 0.765424
19 34 0.896198
19 35 0.288005
19 36 0.519019
19 37 -0.336386
19 38 0.231324
19 39 1.754485
19 40 -0.389419
19 41 -0.559705
19 42 -0.185933
19 43 -0.721736
19 44 0.139770
19 45 -0.779927
19 46 -0.342139
19 47 0.373692
19 48 -0.478418
19 49 -0.428377
19 50 -0.331042
19 51 1.054578
19 52 -1.328171
19 53 -0.127720
19 54 0.161048
19 55 0.840236
19 56 0.139149
19 57 0.088054
19 58 -0.591205
19 59 1.959764
19 60 -0.337304
19 61 -0.928492
20 27 -0.966463
20 28 0.243025
20 29 -0.641019
20 30 1.797885
20 31 -0.455684
20 32 0.060351
20 33 -0.019320
20 34 -1.145331
20 35 -0.987941
20 36 -0.237357
20 37 1.256095
20 38 1.038733
20 39 -0.306346
20 40 -0.074650
20 41 0.473359
20 42 -0.969128
20 43 -1.507468
20 44 -1.016539
20 45 -0.610629
20 46 0.449863
20 47 -0.339468
20 48 0.602003
20 49 -0.472918
20 50 -0.454570
20 51 -0.368780
20 52 1.302675
20 53 0.037437
20 54 0.087287
20 55 -0.065189
20 56 0.174445
20 57 -1.063993
20 58 -0.220647
20 59 -0.432122
20 60 1.220375
20 61 0.043201
21 27 0.344357
21 28 0.394827
21 29 0.384586
21 30 -1.097666
21 31 0.825369
21 32 0.782370
21 33 0.645490
21 34 -0.852867
21 35 -0.156629
21 36 -0.637234
21 37 -0.778298
21 38 -0.522178
21 39 0.980434
21 40 0.111930
21 41 0.145199
21 42 1.144705
21 43 0.844901
21 44 0.520855
21 45 -0.590777
21 46 0.491376
21 47 -0.572002
21 48 -0.658630
21 49 -0.003639
21 50 0.430877
21 51 -0.362762
21 52 -0.489776
21 53 -0.109550
21 54 0.525258
21 55 -0.606596
21 56 0.508358
21 57 0.466854
21 58 -0.674828
21 59 0.475225
21 60 0.762841
21 61 -0.793372
22 27 -0.138572
22 28 -0.585956
22 29 -0.146973
22 30 -0.961413
22 31 0.956455
22 32 -0.878130
22 33 -0.496293
22 34 0.300127
22 35 0.154569
22 36 0.946578
22 37 -0.227718
22 38 0.136051
22 39 -0.104812
22 40 0.092194
22 41 0.181056
22 42 -0.840271
22 43 0.366340
22 44 -0.515689
22 45 0.312615
22 46 -1.058307
22 47 0.666834
22 48 -0.837663
22 49 0.671825
22 50 -0.013445
22 51 0.662415
22 52 -0.760870
22 53 0.003726
22 54 -0.835957
22 55 -0.472080
22 56 -0.362477
22 57 -1.033164
22 58 0.619246
22 59 -1.007549
22 60 -0.500163
22 61 -0.072799
23 27 -0.131852
23 28 0.283938
23 29 0.201140
23 30 -0.714129
23 31 0.257012
23 32 -0.028237
23 33 0.009143
23 34 -0.916811
23 35 -1.158267
23 36 -0.718904
23 37 -0.725391
23 38 0.129744
23 39 -0.833385
23 40 0.224726
23 41 0.078258
23 42 1.319613
23 43 0.036047
23 44 -0.870588
23 45 -0.843348
23 46 -0.356488
23 47 -0.496114
23 48 0.574403
23 49 -0.478564
23 50 1.116977
23 51 -0.220249
23 52 -0.209596
23 53 0.019999
23 54 -0.417691
23 55 0.152021
23 56 0.305520
23 57 0.366678
23 58 -0.264911
23 59 -0.163274
23 60 0.389982
23 61 0.534921
24 27 -0.126050
24 28 1.006575
24 29 0.172410
24 30 -1.259356
24 31 0.306895
24 32 0.866742
24 33 -0.356579
24 34 -0.628023
24 35 0.668504
24 36 0.231633
24 37 1.417521
24 38 -0.762003
24 39 -0.180402
24 40 0.097256
24 41 -0.719397
24 42 0.062574
24 43 1.624797
24 44 0.935784
24 45 0.197930
24 46 -0.139123
24 47 -0.678692
24 48 -0.520961
24 49 -0.757138
24 50 -0.489371
24 51 -0.151201
24 52 1.408721
24 53 0.036824
24 54 -0.003019
24 55 -0.838842
24 56 0.320100
24 57 1.483179
24 58 0.172176
24 59 1.360194
24 60 -1.107895
24 61 0.434858
25 27 0.413878
25 28 -0.269982
25 29 -0.016911
25 30 -0.261655
25 31 -1.278597
25 32 -0.563538
25 33 0.557162
25 34 0.207044
25 35 0.388872
25 36 0.982615
25 37 -0.417228
25 38 0.208818
25 39 -0.395856
25 40 -0.209336
25 41 -0.364609
25 42 -0.905929
25 43 0.270641
25 44 -0.198057
25 45 -0.521620
25 46 -0.361831
25 47 0.166721
25 48 0.831050
25 49 0.758178
25 50 -1.332952
25 51 -0.119897
25 52 -0.266142
25 53 0.006334
25 54 0.549074
25 55 0.213852
25 56 -0.343122
25 57 0.365833
25 58 -0.559481
25 59 -0.233198
25 60 -0.331069
25 61 -0.036527
26 27 0.427922
26 28 0.223975
26 29 -0.087332
26 30 -1.163200
26 31 0.667158
26 32 -0.529889
26 33 0.560267
26 34 1.193967
26 35 -1.553223
26 36 -0.024017
26 37 -0.122687
26 38 -0.250369
26 39 -0.459879
26 40 0.380598
26 41 -0.955110
26 42 -0.517717
26 43 -0.366082
26 44 -0.516102
26 45 1.283317
26 46 3.464243
26 47 0.448780
26 48 1.570984
26 49 0.404011
26 50 -0.447756
26 51 -0.233666
26 52 0.109168
26 53 -0.099494
26 54 0.728184
26 55 0.842054
26 56 -0.200366
26 57 0.252980
26 58 0.787195
26 59 -0.656311
26 60 0.214079
26 61 0.171769
27 0 -0.600414
27 1 0.635175
27 2 -1.080330
27 3 1.468767
27 4 1.069763
27 5 -0.895670
27 6 0.529222
27 7 0.594027
27 8 0.245458
27 9 -1.676552
27 10 -0.249919
27 11 0.350872
27 12 0.109363
27 13 -1.235482
27 14 -1.225427
27 15 -0.202473
27 16 -0.616513
27 17 -0.295580
27 18 -0.431124
27 19 0.799317
27 20 -0.966463
27 21 0.344357
27 22 -0.138572
27 23 -0.131852
27 24 -0.126050
27 25 0.413878
27 26 0.427922
27 62 -0.003785
27 63 0.436143
27 64 -0.041533
27 65 -0.153469
27 66 0.017401
27 67 0.224812
27 68 0.372701
27 69 0.214561
27 70 -0.084873
27 71 -0.171364
27 72 -0.117774
27 73 0.310615
27 74 -0.078113
27 75 0.253979
27 76 -0.033515
27 77 0.217005
27 78 0.261788
27 79 0.151364
27 80 0.397957
27 81 0.195383
27 82 -0.073660
27 83 -0.091819
27 84 0.464656
27 85 0.425583
27 86 0.065548
27 87 -0.120654
27 88 0.188002
27 89 -0.147992
27 90 0.818181
27 91 0.114804
27 92 -0.154427
27 93 -0.306156
27 94 -0.252669
27 95 -0.095510
27 96 -0.011248
27 133 -0.291127
28 0 -0.249784
28 1 -0.058695
28 2 0.303673
28 3 0.348946
28 4 -0.139418
28 5 -0.235572
28 6 1.511668
28 7 -0.867740
28 8 1.340580
28 9 -0.666880
28 10 -1.054699
28 11 -0.108580
28 12 -1.523532
28 13 -0.736399
28 14 -0.238797
28 15 0.478742
28 16 -0.708948
28 17 1.444586
28 18 -0.701782
28 19 -0.534643
28 20 0.243025
28 21 0.394827
28 22 -0.585956
28 23 0.283938
28 24 1.006575
28 25 -0.269982
28 26 0.223975
28 62 0.088957
28 63 0.608429
28 64 0.084447
28 65 -0.068475
28 66 0.023117
28 67 0.613539
28 68 0.762350
28 69 0.804457
28 70 -0.131767
28 71 -0.288517
28 72 -0.037619
28 73 0.294608
28 74 -0.069182
28 75 0.585995
28 76 0.408457
28 77 0.660041
28 78 0.501867
28 79 0.059500
28 80 0.889020
28 81 0.437908
28 82 -0.462762
28 83 0.213982
28 84 0.073197
28 85 0.931897
28 86 0.443986
28 87 -0.074503
28 88 0.182018
28 89 -0.137067
28 90 0.473282
28 91 0.130388
28 92 0.043074
28 93 0.992842
28 94 -0.232494
28 95 -0.072348
28 96 -0.147242
28 133 -0.179338
29 0 -0.167662
29 1 0.181108
29 2 0.206087
29 3 0.828525
29 4 0.228397
29 5 0.078967
29 6 0.354700
29 7 0.362870
29 8 0.548606
29 9 -0.880505
29 10 -0.654543
29 11 -0.340904
29 12 -0.131076
29 13 -0.698426
29 14 -0.700418
29 15 -0.286482
29 16 -0.093132
29 17 0.096959
29 18 -0.004416
29 19 0.024368
29 20 -0.641019
29 21 0.384586
29 22 -0.146973
29 23 0.201140
29 24 0.172410
29 25 -0.016911
29 26 -0.087332
29 62 0.140207
29 63 0.534337
29 64 0.075966
29 65 0.147726
29 66 0.095554
29 67 0.167876
29 68 0.163217
29 69 0.345081
29 70 0.007096
29 71 0.093583
29 72 -0.020613
29 73 0.216369
29 74 -0.038878
29 75 0.147053
29 76 0.069779
29 77 0.275517
29 78 0.059682
29 79 0.247672
29 80 0.398340
29 81 0.265060
29 82 0.072957
29 83 0.129667
29 84 0.454081
29 85 0.441291
29 86 0.220698
29 87 0.121819
29 88 0.156097
29 89 0.114863
29 90 0.784450
29 91 0.234433
29 92 -0.089111
29 93 0.395438
29 94 0.031174
29 95 0.009644
29 96 0.060722
29 133 -0.072589
30 0 -0.815871
30 1 0.949256
30 2 -1.627442
30 3 2.596673
30 4 -2.648468
30 5 2.865274
30 6 -0.277607
30 7 -1.668420
30 8 1.426569
30 9 -1.990427
30 10 -1.114746
30 11 -0.201337
30 12 0.887329
30 13 -1.491060
30 14 1.641325
30 15 0.421880
30 16 0.405286
30 17 -0.672432
30 18 -0.020599
30 19 0.915465
30 20 1.797885
30 21 -1.097666
30 22 -0.961413
30 23 -0.714129
30 24 -1.259356
30 25 -0.261655
30 26 -1.163200
30 62 0.298992
30 63 -0.314739
30 64 0.161811
30 65 0.480050
30 66 -0.014299
30 67 -0.245678
30 68 -0.583121
30 69 -0.491396
30 70 0.369617
30 71 0.715335
30 72 0.596037
30 73 -0.222538
30 74 0.056005
30 75 -0.220900
30 76 -0.112939
30 77 -0.125640
30 78 -0.388852
30 79 -0.188247
30 80 -0.207454
30 81 -0.153071
30 82 -0.620677
30 83 0.330045
30 84 -0.517998
30 85 -0.325638
30 86 -0.343395
30 87 0.479410
30 88 -0.207116
30 89 0.776956
30 90 -0.836937
30 91 -0.292804
30 92 -0.082907
30 93 0.404350
30 94 0.777074
30 95 0.609107
30 96 0.353322
30 133 -3.046163
31 0 0.766321
31 1 -0.798077
31 2 0.491095
31 3 -1.354649
31 4 -1.780396
31 5 0.615679
31 6 -0.166095
31 7 0.450341
31 8 -1.247208
31 9 1.070048
31 10 -1.288252
31 11 0.105426
31 12 0.195731
31 13 0.175866
31 14 0.774205
31 15 -0.938095
31 16 -0.118659
31 17 -0.423999
31 18 -1.226370
31 19 -0.911371
31 20 -0.455684
31 21 0.825369
31 22 0.956455
31 23 0.257012
31 24 0.306895
31 25 -1.278597
31 26 0.667158
31 62 0.217922
31 63 -0.163435
31 64 -0.072801
31 65 0.440289
31 66 0.010213
31 67 -0.234891
31 68 -0.181868
31 69 0.114468
31 70 0.219015
31 71 0.491925
31 72 0.199183
31 73 -0.287830
31 74 -0.041516
31 75 -0.105177
31 76 -0.244234
31 77 -0.390792
31 78 -0.133883
31 79 -0.145792
31 80 -0.377979
31 81 -0.187026
31 82 -0.326487
31 83 0.138724
31 84 -0.045993
31 85 -0.136292
31 86 -0.225406
31 87 0.042714
31 88 -0.098982
31 89 0.016943
31 90 -0.279907
31 91 -0.101841
31 92 0.034387
31 93 0.133426
31 94 0.211285
31 95 0.417586
31 96 0.266114
31 133 -1.051345
32 0 -0.796722
32 1 1.061146
32 2 -0.566698
32 3 -0.296218
32 4 1.116759
32 5 -0.793650
32 6 -1.599336
32 7 1.324424
32 8 0.472980
32 9 -1.200269
32 10 1.183260
32 11 -0.703385
32 12 -0.783100
32 13 1.808879
32 14 -0.297996
32 15 -0.195686
32 16 -0.255208
32 17 -0.818491
32 18 -0.308395
32 19 -0.967220
32 20 0.060351
32 21 0.782370
32 22 -0.878130
32 23 -0.028237
32 24 0.866742
32 25 -0.563538
32 26 -0.529889
32 62 0.253298
32 63 -0.167854
32 64 0.029682
32 65 0.727607
32 66 -0.001105
32 67 -0.148689
32 68 -0.479123
32 69 -0.387881
32 70 0.163274
32 71 0.811610
32 72 0.117319
32 73 -0.070412
32 74 0.062988
32 75 -0.346680
32 76 -0.069699
32 77 -0.349165
32 78 -0.242976
32 79 -0.124023
32 80 -0.426498
32 81 -0.202112
32 82 -0.301204
32 83 -0.140692
32 84 -0.142466
32 85 -0.628656
32 86 -0.213085
32 87 0.311176
32 88 -0.137256
32 89 0.223909
32 90 -0.339346
32 91 -0.247957
32 92 -0.008698
32 93 1.175163
32 94 0.275312
32 95 0.526824
32 96 0.204395
32 133 -1.711278
33 0 -0.397646
33 1 -0.620996
33 2 0.139034
33 3 -0.499881
33 4 0.437786
33 5 0.726811
33 6 0.920785
33 7 -0.418227
33 8 0.877270
33 9 -0.128691
33 10 -0.901435
33 11 -1.246031
33 12 -0.406260
33 13 0.693100
33 14 -0.547591
33 15 -0.717990
33 16 -0.975140
33 17 0.889136
33 18 -0.976181
33 19 0.765424
33 20 -0.019320
33 21 0.645490
33 22 -0.496293
33 23 0.009143
33 24 -0.356579
33 25 0.557162
33 26 0.560267
33 62 -0.001811
33 63 0.304242
33 64 0.048368
33 65 0.002554
33 66 -0.008407
33 67 0.034298
33 68 0.266137
33 69 0.439281
33 70 -0.048667
33 71 -0.069170
33 72 0.050224
33 73 0.108463
33 74 0.052823
33 75 0.213452
33 76 0.095903
33 77 0.174819
33 78 0.155789
33 79 -0.082127
33 80 0.134761
33 81 0.032579
33 82 0.308218
33 83 -0.294597
33 84 -0.003562
33 85 0.409356
33 86 0.088935
33 87 -0.118813
33 88 0.170234
33 89 -0.001539
33 90 -0.039638
33 91 -0.129402
33 92 0.219798
33 93 -0.152836
33 94 -0.104424
33 95 0.013864
33 96 0.008315
33 133 0.547565
34 0 0.097633
34 1 0.311833
34 2 -0.844095
34 3 0.724956
34 4 0.521407
34 5 -0.367283
34 6 0.720440
34 7 -1.113508
34 8 -1.388956
34 9 0.372058
34 10 0.671408
34 11 -1.192181
34 12 0.017866
34 13 -0.493872
34 14 -0.313758
34 15 1.402125
34 16 -0.346353
34 17 0.726169
34 18 -0.015832
34 19 0.896198
34 20 -1.145331
34 21 -0.852867
34 22 0.300127
34 23 -0.916811
34 24 -0.628023
34 25 0.207044
34 26 1.193967
34 62 0.274361
34 63 0.213646
34 64 0.135675
34 65 0.322382
34 66 0.023604
34 67 0.073328
34 68 -0.076031
34 69 0.150332
34 70 0.053153
34 71 0.462771
34 72 0.148036
34 73 0.070298
34 74 0.080795
34 75 -0.183857
34 76 -0.016496
34 77 -0.047309
34 78 -0.119104
34 79 0.074248
34 80 -0.181648
34 81 -0.036913
34 82 0.005151
34 83 0.321402
34 84 -0.229270
34 85 -0.123837
34 86 0.072486
34 87 0.186883
34 88 0.056628
34 89 0.171724
34 90 -0.203580
34 91 -0.164692
34 92 -0.008738
34 93 0.954210
34 94 0.327734
34 95 0.368815
34 96 0.192599
34 133 -1.227475
35 0 -0.895947
35 1 1.340715
35 2 -0.189124
35 3 -0.716708
35 4 0.575822
35 5 -1.409646
35 6 -0.439133
35 7 0.465041
35 8 -1.659405
35 9 1.043678
35 10 0.868565
35 11 -0.211830
35 12 -0.394097
35 13 0.960348
35 14 -0.326475
35 15 -0.271926
35 16 0.515719
35 17 -1.373336
35 18 0.992050
35 19 0.288005
35 20 -0.987941
35 21 -0.156629
35 22 0.154569
35 23 -1.158267
35 24 0.668504
35 25 0.388872
35 26 -1.553223
35 62 -0.079418
35 63 0.118254
35 64 -0.041965
35 65 -0.390000
35 66 0.004052
35 67 -0.166457
35 68 0.392377
35 69 0.460093
35 70 -0.050003
35 71 -0.675891
35 72 -0.048956
35 73 0.083604
35 74 -0.019950
35 75 0.329867
35 76 -0.237929
35 77 0.356287
35 78 0.327136
35 79 0.135796
35 80 0.214118
35 81 -0.097814
35 82 0.756790
35 83 -0.052845
35 84 0.353423
35 85 0.592018
35 86 0.250922
35 87 -0.073022
35 88 0.072396
35 89 -0.040087
35 90 0.448411
35 91 0.311252
35 92 0.126842
35 93 -0.084748
35 94 -0.076283
35 95 -0.153936
35 96 -0.170406
35 133 -1.623029
36 0 0.158122
36 1 -1.202684
36 2 -0.554958
36 3 0.721065
36 4 0.087103
36 5 -0.011518
36 6 0.209191
36 7 -1.519787
36 8 -0.904589
36 9 0.089242
36 10 0.329535
36 11 -0.955596
36 12 -0.728618
36 13 -0.022327
36 14 -0.674239
36 15 0.642991
36 16 0.021944
36 17 -0.315164
36 18 -0.685199
36 19 0.519019
36 20 -0.237357
36 21 -0.637234
36 22 0.946578
36 23 -0.718904
36 24 0.231633
36 25 0.982615
36 26 -0.024017
36 62 0.177468
36 63 -0.306884
36 64 0.197241
36 65 0.301245
36 66 0.043042
36 67 -0.119140
36 68 -0.182425
36 69 -0.305081
36 70 0.199403
36 71 0.541839
36 72 0.080865
36 73 -0.252808
36 74 0.039896
36 75 -0.093248
36 76 -0.013346
36 77 -0.129756
36 78 -0.046216
36 79 -0.060630
36 80 -0.516258
36 81 -0.092757
36 82 0.109976
36 83 0.060730
36 84 0.070410
36 85 -0.387286
36 86 -0.098204
36 87 0.127913
36 88 -0.130951
36 89 0.071656
36 90 -0.162745
36 91 0.071950
36 92 0.005225
36 93 0.500023
36 94 0.102223
36 95 0.423750
36 96 0.214521
36 133 0.142860
37 0 0.198324
37 1 -1.139640
37 2 0.637442
37 3 -0.588169
37 4 -1.894415
37 5 1.757678
37 6 0.505960
37 7 -1.528917
37 8 -2.010005
37 9 0.752040
37 10 0.551862
37 11 -1.633966
37 12 -2.051944
37 13 1.772578
37 14 0.243095
37 15 -0.628816
37 16 0.042876
37 17 -0.991465
37 18 -1.098988
37 19 -0.336386
37 20 1.256095
37 21 -0.778298
37 22 -0.227718
37 23 -0.725391
37 24 1.417521
37 25 -0.417228
37 26 -0.122687
37 62 0.495895
37 63 -0.589140
37 64 0.323068
37 65 0.816567
37 66 -0.054011
37 67 -0.293805
37 68 -0.164091
37 69 -0.566512
37 70 0.251473
37 71 1.224571
37 72 0.455505
37 73 -0.222843
37 74 -0.064564
37 75 -0.186064
37 76 -0.066880
37 77 -0.091931
37 78 -0.133199
37 79 -0.102835
37 80 -0.899234
37 81 -0.254662
37 82 -0.604896
37 83 0.599446
37 84 -0.380726
37 85 -0.592270
37 86 -0.103228
37 87 0.151897
37 88 -0.178038
37 89 0.420573
37 90 -0.745042
37 91 -0.002986
37 92 -0.237514
37 93 -0.878649
37 94 0.221924
37 95 0.752608
37 96 0.420648
37 133 -1.648834
38 0 0.334699
38 1 -0.979567
38 2 -0.421851
38 3 0.143154
38 4 -0.879218
38 5 0.935427
38 6 0.328564
38 7 -0.701856
38 8 -0.559236
38 9 0.253929
38 10 0.038651
38 11 -0.295765
38 12 0.461580
38 13 -0.982292
38 14 -0.359315
38 15 0.383310
38 16 -0.622506
38 17 0.418931
38 18 -0.742715
38 19 0.231324
38 20 1.038733
38 21 -0.522178
38 22 0.136051
38 23 0.129744
38 24 -0.762003
38 25 0.208818
38 26 -0.250369
38 62 -0.170198
38 63 0.331591
38 64 -0.116907
38 65 -0.223964
38 66 -0.005319
38 67 0.229284
38 68 0.343843
38 69 0.364790
38 70 -0.142101
38 71 -0.495654
38 72 -0.103826
38 73 0.227750
38 74 0.055997
38 75 0.271359
38 76 0.188474
38 77 0.292778
38 78 0.279453
38 79 0.116410
38 80 0.199642
38 81 0.060422
38 82 0.046510
38 83 -0.155986
38 84 0.004039
38 85 0.469083
38 86 0.122470
38 87 -0.174699
38 88 0.132528
38 89 -0.112284
38 90 0.210380
38 91 0.014636
38 92 -0.026572
38 93 -0.363069
38 94 -0.151166
38 95 -0.386382
38 96 -0.254190
38 133 -0.631735
39 0 -1.102799
39 1 -1.764650
39 2 -0.472927
39 3 -0.464108
39 4 -0.594254
39 5 0.618416
39 6 -0.669517
39 7 0.844859
39 8 -0.448738
39 9 0.256105
39 10 -0.248869
39 11 -1.146195
39 12 0.252664
39 13 0.861587
39 14 0.071598
39 15 -1.511287
39 16 0.037551
39 17 -0.170103
39 18 -0.617535
39 19 1.754485
39 20 -0.306346
39 21 0.980434
39 22 -0.104812
39 23 -0.833385
39 24 -0.180402
39 25 -0.395856
39 26 -0.459879
39 62 -0.210019
39 63 0.333276
39 64 0.019773
39 65 -0.448836
39 66 0.067862
39 67 0.214729
39 68 0.353568
39 69 0.384863
39 70 -0.017253
39 71 -0.385799
39 72 -0.150560
39 73 0.173753
39 74 -0.034833
39 75 0.293318
39 76 0.148558
39 77 0.196126
39 78 0.350960
39 79 0.137423
39 80 0.534101
39 81 0.287587
39 82 0.351649
39 83 -0.143861
39 84 0.235879
39 85 0.618062
39 86 0.140286
39 87 -0.097179
39 88 0.250105
39 89 -0.155398
39 90 0.385047
39 91 0.153618
39 92 0.221807
39 93 -0.850874
39 94 -0.201655
39 95 -0.337143
39 96 -0.108104
39 133 -0.712694
40 0 0.516623
40 1 -0.376702
40 2 -0.466717
40 3 0.021007
40 4 0.278752
40 5 -0.276928
40 6 -0.214374
40 7 -0.150831
40 8 -0.015788
40 9 -0.367974
40 10 -0.313474
40 11 -0.040533
40 12 -0.626587
40 13 0.186134
40 14 0.037688
40 15 -0.222211
40 16 -0.687499
40 17 0.378848
40 18 -0.302859
40 19 -0.389419
40 20 -0.074650
40 21 0.111930
40 22 0.092194
40 23 0.224726
40 24 0.097256
40 25 -0.209336
40 26 0.380598
40 62 -0.025950
40 63 0.086158
40 64 -0.134041
40 65 -0.026504
40 66 -0.010976
40 67 -0.067413
40 68 0.223888
40 69 0.186080
40 70 -0.024910
40 71 0.082532
40 72 -0.181490
40 73 0.041440
40 74 0.035048
40 75 0.196468
40 76 -0.063383
40 77 0.066235
40 78 0.098305
40 79 0.082526
40 80 0.195486
40 81 -0.036917
40 82 0.096693
40 83 0.002446
40 84 0.119488
40 85 0.262766
40 86 0.139883
40 87 -0.103594
40 88 0.025766
40 89 -0.008668
40 90 0.249118
40 91 0.003532
40 92 -0.029983
40 93 -0.399116
40 94 -0.150211
40 95 -0.176009
40 96 -0.038597
40 133 -0.333705
41 0 -0.429335
41 1 0.801075
41 2 -0.291083
41 3 -0.370629
41 4 -0.337942
41 5 1.202611
41 6 -0.885536
41 7 -0.766006
41 8 -0.725700
41 9 0.519557
41 10 -1.177424
41 11 -0.951987
41 12 0.489937
41 13 -1.154541
41 14 0.907747
41 15 0.282179
41 16 0.335186
41 17 -0.763498
41 18 0.828296
41 19 -0.559705
41 20 0.473359
41 21 0.145199
41 22 0.181056
41 23 0.078258
41 24 -0.719397
41 25 -0.364609
41 26 -0.955110
41 62 -0.160144
41 63 0.199343
41 64 0.026612
41 65 -0.279979
41 66 0.064182
41 67 0.179076
41 68 0.276769
41 69 0.201070
41 70 -0.039244
41 71 -0.308218
41 72 -0.153463
41 73 -0.114644
41 74 0.013722
41 75 0.255036
41 76 0.154817
41 77 0.344739
41 78 0.251310
41 79 0.047864
41 80 0.392718
41 81 0.125092
41 82 0.080268
41 83 -0.404163
41 84 -0.010507
41 85 0.412450
41 86 0.207905
41 87 -0.030831
41 88 0.025009
41 89 -0.297264
41 90 0.159770
41 91 -0.069542
41 92 0.083059
41 93 -0.803115
41 94 -0.227512
41 95 -0.315546
41 96 -0.173342
41 133 -1.041825
42 0 0.030254
42 1 -0.932936
42 2 0.210366
42 3 -0.454195
42 4 0.563874
42 5 -0.776421
42 6 -1.685449
42 7 1.460816
42 8 0.300776
42 9 0.278863
42 10 -1.039089
42 11 1.609154
42 12 0.173047
42 13 0.136561
42 14 0.095767
42 15 -0.497502
42 16 0.722732
42 17 -0.355506
42 18 -0.167340
42 19 -0.185933
42 20 -0.969128
42 21 1.144705
42 22 -0.840271
42 23 1.319613
42 24 0.062574
42 25 -0.905929
42 26 -0.517717
42 62 0.169172
42 63 -0.030242
42 64 -0.133148
42 65 0.367985
42 66 0.040988
42 67 0.079076
42 68 -0.182911
42 69 -0.186791
42 70 -0.137728
42 71 0.586982
42 72 0.309067
42 73 0.062212
42 74 0.091399
42 75 -0.200157
42 76 0.178589
42 77 0.004495
42 78 -0.122856
42 79 -0.018566
42 80 -0.091749
42 81 0.131129
42 82 -0.135378
42 83 0.519412
42 84 -0.075866
42 85 -0.298093
42 86 -0.041399
42 87 0.237318
42 88 -0.015045
42 89 -0.204290
42 90 -0.107487
42 91 -0.010919
42 92 -0.081123
42 93 1.216947
42 94 0.473538
42 95 0.243608
42 96 0.182950
42 133 -1.410892
43 0 0.751162
43 1 -1.805751
43 2 0.448923
43 3 -0.700523
43 4 0.602094
43 5 -1.609355
43 6 -2.049485
43 7 0.060215
43 8 -0.706348
43 9 0.472409
43 10 0.369972
43 11 -0.834778
43 12 -1.242183
43 13 1.572921
43 14 -0.563861
43 15 -0.331269
43 16 -0.677119
43 17 0.496557
43 18 -1.341414
43 19 -0.721736
43 20 -1.507468
43 21 0.844901
43 22 0.366340
43 23 0.036047
43 24 1.624797
43 25 0.270641
43 26 -0.366082
43 62 -0.082356
43 63 0.182055
43 64 0.000630
43 65 -0.337604
43 66 -0.079383
43 67 -0.047707
43 68 0.453821
43 69 0.329093
43 70 -0.157061
43 71 -0.444881
43 72 -0.390937
43 73 -0.167287
43 74 0.024684
43 75 0.261037
43 76 -0.011235
43 77 0.239227
43 78 0.314261
43 79 -0.121509
43 80 0.258223
43 81 0.099870
43 82 0.312954
43 83 -0.419669
43 84 0.224163
43 85 0.552363
43 86 0.300087
43 87 -0.205120
43 88 0.056140
43 89 -0.389300
43 90 0.520099
43 91 0.242533
43 92 -0.114431
43 93 -0.719225
43 94 -0.334859
43 95 -0.167700
43 96 -0.159576
43 133 -0.728567
44 0 -0.708151
44 1 0.558014
44 2 0.043273
44 3 -0.273395
44 4 0.311524
44 5 -0.918228
44 6 -1.900192
44 7 1.058037
44 8 0.853060
44 9 -0.876935
44 10 0.034677
44 11 -0.447325
44 12 -1.146021
44 13 0.938189
44 14 0.925603
44 15 -0.007011
44 16 -0.360982
44 17 -0.714477
44 18 0.666961
44 19 0.139770
44 20 -1.016539
44 21 0.520855
44 22 -0.515689
44 23 -0.870588
44 24 0.935784
44 25 -0.198057
44 26 -0.516102
44 62 0.198523
44 63 -0.473520
44 64 -0.133184
44 65 0.575861
44 66 0.081526
44 67 0.119336
44 68 -0.020970
44 69 0.006352
44 70 0.096626
44 71 0.744118
44 72 0.192012
44 73 -0.430647
44 74 0.103760
44 75 0.016804
44 76 0.082407
44 77 -0.039449
44 78 -0.053549
44 79 -0.173567
44 80 -0.016905
44 81 -0.006028
44 82 -0.331306
44 83 0.007637
44 84 -0.678757
44 85 -0.182331
44 86 0.048646
44 87 0.045364
44 88 -0.048248
44 89 0.300233
44 90 -0.581268
44 91 0.087863
44 92 -0.157616
44 93 0.274672
44 94 0.183158
44 95 0.285048
44 96 0.148009
44 133 -0.918337
45 0 -1.848769
45 1 1.455128
45 2 0.803714
45 3 -0.525665
45 4 2.158602
45 5 -0.171580
45 6 -0.870355
45 7 -1.374929
45 8 -0.790670
45 9 0.338725
45 10 0.172780
45 11 0.182998
45 12 0.001197
45 13 0.293238
45 14 0.938905
45 15 -1.151489
45 16 -1.501136
45 17 1.451307
45 18 0.243804
45 19 -0.779927
45 20 -0.610629
45 21 -0.590777
45 22 0.312615
45 23 -0.843348
45 24 0.197930
45 25 -0.521620
45 26 1.283317
45 62 0.211962
45 63 -0.704431
45 64 0.043793
45 65 0.291240
45 66 0.018565
45 67 -0.174644
45 68 -0.031284
45 69 -0.191657
45 70 -0.157136
45 71 0.276819
45 72 0.150642
45 73 -0.340844
45 74 -0.073590
45 75 -0.050154
45 76 0.169716
45 77 -0.196670
45 78 -0.044905
45 79 -0.281304
45 80 0.051433
45 81 -0.177479
45 82 -0.450777
45 83 0.130464
45 84 -0.064905
45 85 -0.165777
45 86 -0.030223
45 87 0.131051
45 88 -0.031699
45 89 -0.246057
45 90 -0.987723
45 91 -0.187450
45 92 -0.008883
45 93 1.022916
45 94 0.028448
45 95 0.199117
45 96 0.181569
45 133 -1.554995
46 0 0.085500
46 1 -2.067539
46 2 0.270077
46 3 0.666169
46 4 0.583921
46 5 0.361764
46 6 -0.380988
46 7 0.951130
46 8 0.619656
46 9 -1.763719
46 10 -0.558083
46 11 0.628295
46 12 -0.062993
46 13 0.118789
46 14 -0.442950
46 15 0.264217
46 16 -0.447638
46 17 0.040676
46 18 -1.130631
46 19 -0.342139
46 20 0.449863
46 21 0.491376
46 22 -1.058307
46 23 -0.356488
46 24 -0.139123
46 25 -0.361831
46 26 3.464243
46 62 -0.275044
46 63 0.399178
46 64 -0.050332
46 65 -0.383142
46 66 0.090229
46 67 0.286897
46 68 0.446336
46 69 0.434671
46 70 -0.021020
46 71 -0.763144
46 72 -0.554341
46 73 0.341436
46 74 -0.090721
46 75 0.319544
46 76 0.197991
46 77 0.199504
46 78 0.386320
46 79 0.119398
46 80 0.522894
46 81 0.277358
46 82 0.075961
46 83 -0.385103
46 84 0.396129
46 85 0.596007
46 86 0.324684
46 87 -0.447909
46 88 0.293941
46 89 -0.203655
46 90 0.149155
46 91 0.146280
46 92 0.215473
46 93 -0.885893
46 94 -0.503462
46 95 -0.222987
46 96 -0.108317
46 133 0.342439
47 0 -1.175913
47 1 0.101355
47 2 -0.017308
47 3 -0.033224
47 4 -0.800235
47 5 0.209940
47 6 -0.010062
47 7 -1.213794
47 8 0.223159
47 9 -0.213927
47 10 -0.453092
47 11 -0.665466
47 12 0.534696
47 13 -0.993483
47 14 0.132709
47 15 0.773940
47 16 0.193816
47 17 0.631986
47 18 0.986281
47 19 0.373692
47 20 -0.339468
47 21 -0.572002
47 22 0.666834
47 23 -0.496114
47 24 -0.678692
47 25 0.166721
47 26 0.448780
47 62 -0.071903
47 63 -0.030702
47 64 0.020282
47 65 -0.066428
47 66 -0.025334
47 67 0.165706
47 68 -0.009423
47 69 -0.083809
47 70 0.099799
47 71 -0.162019
47 72 -0.083005
47 73 0.223126
47 74 0.032572
47 75 0.026639
47 76 0.216604
47 77 0.190566
47 78 -0.087707
47 79 -0.229071
47 80 0.209916
47 81 0.209459
47 82 -0.693253
47 83 0.369532
47 84 -0.537334
47 85 -0.015458
47 86 0.000096
47 87 0.263803
47 88 -0.006773
47 89 -0.139226
47 90 -0.569150
47 91 -0.326349
47 92 0.047182
47 93 0.644306
47 94 -0.055651
47 95 0.020317
47 96 -0.064665
47 133 0.340689
48 0 0.953150
48 1 -1.108218
48 2 -0.281275
48 3 -1.484987
48 4 -1.052193
48 5 1.111216
48 6 0.555081
48 7 -1.042661
48 8 0.655604
48 9 -0.992041
48 10 -0.488622
48 11 -0.503348
48 12 -0.575421
48 13 1.376641
48 14 -0.599914
48 15 -0.965869
48 16 -0.929686
48 17 2.011670
48 18 -1.093504
48 19 -0.478418
48 20 0.602003
48 21 -0.658630
48 22 -0.837663
48 23 0.574403
48 24 -0.520961
48 25 0.831050
48 26 1.570984
48 62 0.021654
48 63 0.517561
48 64 0.042276
48 65 -0.030850
48 66 -0.078576
48 67 0.336759
48 68 0.181198
48 69 0.389815
48 70 -0.033947
48 71 0.061252
48 72 0.011608
48 73 0.258117
48 74 0.033753
48 75 0.153484
48 76 0.144309
48 77 0.128292
48 78 0.095285
48 79 -0.021855
48 80 0.531643
48 81 0.108095
48 82 0.757624
48 83 0.039718
48 84 0.368210
48 85 0.461601
48 86 0.161277
48 87 -0.127159
48 88 0.095165
48 89 -0.009504
48 90 0.309495
48 91 -0.116376
48 92 0.316044
48 93 -0.744177
48 94 -0.164820
48 95 0.031545
48 96 0.022213
48 133 -0.098918
49 0 -0.235886
49 1 -0.204673
49 2 -0.832025
49 3 0.959731
49 4 0.134571
49 5 -0.992909
49 6 -0.142489
49 7 -0.293271
49 8 -0.745939
49 9 0.835216
49 10 0.228925
49 11 -0.125582
49 12 0.348172
49 13 -0.606522
49 14 -0.603551
49 15 -0.452485
49 16 0.056005
49 17 0.121631
49 18 0.062659
49 19 -0.428377
49 20 -0.472918
49 21 -0.003639
49 22 0.671825
49 23 -0.478564
49 24 -0.757138
49 25 0.758178
49 26 0.404011
49 62 0.234678
49 63 -0.119651
49 64 0.135288
49 65 0.366856
49 66 -0.050277
49 67 -0.113485
49 68 -0.085766
49 69 0.025821
49 70 0.098529
49 71 0.358771
49 72 0.292197
49 73 0.024915
49 74 0.149457
49 75 -0.066114
49 76 -0.086830
49 77 -0.154527
49 78 -0.002798
49 79 -0.105059
49 80 -0.074946
49 81 -0.188653
49 82 -0.372798
49 83 -0.008846
49 84 -0.142637
49 85 -0.046199
49 86 -0.095574
49 87 0.099757
49 88 -0.016638
49 89 -0.116589
49 90 -0.182938
49 91 -0.177808
49 92 0.031103
49 93 1.008341
49 94 0.118501
49 95 0.334213
49 96 -0.005913
49 133 -0.785989
50 0 0.101517
50 1 0.457174
50 2 -0.522292
50 3 2.072971
50 4 -0.643139
50 5 0.755233
50 6 -0.814912
50 7 -0.395676
50 8 -0.877571
50 9 -0.332135
50 10 -0.083563
50 11 -0.346068
50 12 0.587998
50 13 -1.296323
50 14 0.679027
50 15 -0.381366
50 16 1.050058
50 17 -0.205806
50 18 0.614513
50 19 -0.331042
50 20 -0.454570
50 21 0.430877
50 22 -0.013445
50 23 1.116977
50 24 -0.489371
50 25 -1.332952
50 26 -0.447756
50 62 -0.078079
50 63 0.482311
50 64 -0.029630
50 65 -0.356714
50 66 -0.006749
50 67 0.172720
50 68 0.375027
50 69 0.360981
50 70 -0.042550
50 71 -0.501649
50 72 -0.174357
50 73 0.227829
50 74 0.007399
50 75 0.202687
50 76 0.106433
50 77 0.239505
50 78 0.295065
50 79 0.198783
50 80 0.434511
50 81 0.185884
50 82 0.254442
50 83 -0.231004
50 84 0.304036
50 85 0.358019
50 86 0.316814
50 87 -0.210332
50 88 0.196725
50 89 -0.083679
50 90 0.589209
50 91 0.176724
50 92 0.114601
50 93 -0.464799
50 94 -0.081146
50 95 -0.197448
50 96 -0.060453
50 133 -1.055996
51 0 0.215539
51 1 -0.501121
51 2 -0.716660
51 3 -0.097892
51 4 0.005833
51 5 -0.213696
51 6 -0.256479
51 7 -0.111554
51 8 -0.624464
51 9 -0.005793
51 10 -0.003382
51 11 -0.322896
51 12 0.009357
51 13 -0.309001
51 14 -0.312306
51 15 1.143251
51 16 0.086000
51 17 -0.344596
51 18 -0.262916
51 19 1.054578
51 20 -0.368780
51 21 -0.362762
51 22 0.662415
51 23 -0.220249
51 24 -0.151201
51 25 -0.119897
51 26 -0.233666
51 62 0.160252
51 63 -0.268852
51 64 0.108849
51 65 0.281296
51 66 0.057147
51 67 -0.037145
51 68 -0.194036
51 69 -0.209855
51 70 0.203860
51 71 0.566830
51 72 0.255724
51 73 -0.122260
51 74 0.061587
51 75 -0.192534
51 76 0.049495
51 77 -0.188070
51 78 -0.100006
51 79 -0.092650
51 80 -0.096997
51 81 0.076993
51 82 -0.147872
51 83 0.379158
51 84 0.020880
51 85 -0.383635
51 86 -0.153776
51 87 0.130938
51 88 -0.070618
51 89 0.214250
51 90 -0.206401
51 91 0.005296
51 92 0.000705
51 93 0.493015
51 94 0.234287
51 95 0.214053
51 96 0.146427
51 133 -0.349895
52 0 -0.729490
52 1 -0.017848
52 2 1.381313
52 3 -1.185746
52 4 -2.149456
52 5 1.533106
52 6 0.548268
52 7 -1.489953
52 8 0.826839
52 9 -1.233929
52 10 -0.528425
52 11 -1.148471
52 12 -1.643437
52 13 0.450788
52 14 -0.250540
52 15 -0.932392
52 16 -1.992914
52 17 0.206976
52 18 -0.088459
52 19 -1.328171
52 20 1.302675
52 21 -0.489776
52 22 -0.760870
52 23 -0.209596
52 24 1.408721
52 25 -0.266142
52 26 0.109168
52 62 -0.130971
52 63 0.126549
52 64 -0.140927
52 65 -0.242093
52 66 0.005918
52 67 0.327410
52 68 0.531792
52 69 0.626009
52 70 0.019507
52 71 -0.378964
52 72 -0.124835
52 73 -0.045661
52 74 -0.035353
52 75 0.486288
52 76 0.163109
52 77 0.542101
52 78 0.408803
52 79 -0.060404
52 80 0.783031
52 81 0.240271
52 82 0.792643
52 83 -0.003817
52 84 -0.004379
52 85 0.849792
52 86 0.246685
52 87 -0.090810
52 88 0.215042
52 89 -0.153254
52 90 0.344679
52 91 0.245353
52 92 0.297651
52 93 -0.525269
52 94 -0.052513
52 95 -0.362527
52 96 -0.058089
52 133 -0.801791
53 0 -0.001587
53 1 -0.210134
53 2 0.019138
53 3 -0.181113
53 4 -0.213408
53 5 -0.147466
53 6 -0.002349
53 7 0.036460
53 8 -0.041935
53 9 -0.084010
53 10 0.028613
53 11 -0.180871
53 12 -0.054673
53 13 -0.009903
53 14 -0.228438
53 15 -0.301852
53 16 -0.257493
53 17 -0.048442
53 18 0.402710
53 19 -0.127720
53 20 0.037437
53 21 -0.109550
53 22 0.003726
53 23 0.019999
53 24 0.036824
53 25 0.006334
53 26 -0.099494
53 62 0.072596
53 63 -0.169665
53 64 0.090657
