7072
0 27 -0.365027
0 28 0.269742
0 29 -0.346883
0 30 -0.581687
0 31 -0.671795
0 32 -0.450309
0 33 -0.888191
0 34 0.544829
0 35 -1.928522
0 36 0.019986
0 37 0.154700
0 38 0.472245
0 39 -0.389067
0 40 0.103114
0 41 -0.720962
0 42 -0.912523
0 43 0.810713
0 44 -1.133416
0 45 0.285530
0 46 -0.829308
0 47 -0.400659
0 48 -0.830028
0 49 -0.301405
0 50 0.583536
0 51 0.155740
0 52 -0.373517
0 53 -1.013212
0 54 -0.844593
0 55 -0.021457
0 56 0.793874
0 57 -0.712464
0 58 0.114418
0 59 -0.041099
0 60 -0.694681
0 61 0.045711
1 27 0.178218
1 28 0.275316
1 29 -0.243230
1 30 0.437862
1 31 0.092661
1 32 -0.065728
1 33 -0.890111
1 34 -0.894908
1 35 0.270485
1 36 0.200629
1 37 -0.442072
1 38 -0.803417
1 39 -0.464426
1 40 -0.706865
1 41 0.606870
1 42 1.284597
1 43 -1.924787
1 44 0.658676
1 45 -0.663843
1 46 1.154098
1 47 0.088189
1 48 0.565911
1 49 0.282774
1 50 -1.090147
1 51 -0.125598
1 52 -0.181307
1 53 1.212280
1 54 0.257450
1 55 -0.970143
1 56 -1.236292
1 57 0.298917
1 58 -0.525663
1 59 0.107755
1 60 1.226642
1 61 -0.538281
2 27 0.114808
2 28 -0.102165
2 29 -0.257434
2 30 -0.518441
2 31 -0.582140
2 32 0.076273
2 33 -0.322895
2 34 0.274914
2 35 -0.270538
2 36 0.160495
2 37 0.398375
2 38 0.701996
2 39 -0.192818
2 40 -0.426048
2 41 -0.578275
2 42 -1.361567
2 43 -0.566493
2 44 0.028830
2 45 -0.757091
2 46 -0.029078
2 47 -0.707594
2 48 0.918996
2 49 -0.359277
2 50 -0.596114
2 51 -0.167582
2 52 -0.323127
2 53 0.375962
2 54 -0.751191
2 55 0.138712
2 56 -1.071318
2 57 -0.903679
2 58 0.046264
2 59 -0.599708
2 60 0.121986
2 61 -0.059580
3 27 -0.091236
3 28 0.092162
3 29 -0.102813
3 30 -0.378776
3 31 0.193894
3 32 -0.130427
3 33 0.082458
3 34 -0.619032
3 35 -1.170149
3 36 -0.307571
3 37 -0.372251
3 38 -1.434108
3 39 -0.534265
3 40 -0.405107
3 41 0.415829
3 42 1.646150
3 43 0.289702
3 44 0.313138
3 45 1.630895
3 46 -0.761388
3 47 0.774824
3 48 -1.033965
3 49 0.352353
3 50 0.615162
3 51 -0.193392
3 52 0.293940
3 53 0.233687
3 54 0.284643
3 55 0.069460
3 56 -0.223223
3 57 0.565152
3 58 -0.454643
3 59 0.348570
3 60 -0.421156
3 61 0.001605
4 27 -0.103945
4 28 0.256865
4 29 -0.181436
4 30 0.488241
4 31 -0.688282
4 32 0.125783
4 33 0.680634
4 34 -0.866074
4 35 -0.298021
4 36 -1.000745
4 37 0.517560
4 38 0.611456
4 39 -0.500131
4 40 0.464959
4 41 0.995783
4 42 -0.743029
4 43 -0.326533
4 44 0.106890
4 45 0.126360
4 46 -0.687164
4 47 -0.566565
4 48 -0.738547
4 49 -0.079203
4 50 -0.573772
4 51 -0.404344
4 52 0.497920
4 53 0.122342
4 54 -0.839699
4 55 -0.898625
4 56 -1.193662
4 57 0.580673
4 58 -1.010845
4 59 -0.727396
4 60 0.026887
4 61 0.208959
5 27 -0.768384
5 28 -0.944989
5 29 -0.628721
5 30 -0.491314
5 31 0.277131
5 32 -0.162908
5 33 -0.375976
5 34 1.203231
5 35 -1.171517
5 36 -0.506636
5 37 -0.623301
5 38 -0.747332
5 39 0.113596
5 40 -0.911609
5 41 -0.344672
5 42 1.452589
5 43 1.072029
5 44 -0.692019
5 45 -0.370951
5 46 0.676847
5 47 -0.095040
5 48 0.926443
5 49 -0.266116
5 50 -0.187848
5 51 0.331913
5 52 -0.284907
5 53 -0.203658
5 54 0.764731
5 55 -0.115124
5 56 1.010252
5 57 -1.112258
5 58 0.722127
5 59 0.212847
5 60 -0.549320
5 61 -0.223104
6 27 0.059853
6 28 -0.586056
6 29 -0.575711
6 30 -0.784704
6 31 0.293250
6 32 0.155262
6 33 -1.203847
6 34 0.595823
6 35 -0.193536
6 36 -0.687837
6 37 -0.361626
6 38 -0.558660
6 39 -0.162140
6 40 -1.067048
6 41 -0.535000
6 42 0.089341
6 43 -0.702031
6 44 -1.090980
6 45 0.093832
6 46 -0.079092
6 47 0.523351
6 48 -0.100248
6 49 0.417689
6 50 0.762540
6 51 0.137623
6 52 -0.054020
6 53 0.267382
6 54 -0.464145
6 55 -0.432738
6 56 0.331861
6 57 -0.255568
6 58 0.586138
6 59 0.783845
6 60 -0.796633
6 61 -0.427611
7 27 -0.632644
7 28 -0.044156
7 29 -1.050410
7 30 0.473703
7 31 -0.963425
7 32 -0.102722
7 33 0.226797
7 34 -0.234633
7 35 -0.403180
7 36 -0.276234
7 37 -0.594831
7 38 -1.250222
7 39 0.531311
7 40 0.411581
7 41 -0.383563
7 42 -0.714456
7 43 0.873563
7 44 1.281808
7 45 -0.492321
7 46 -1.094255
7 47 -0.611737
7 48 -0.845635
7 49 -0.208194
7 50 -0.352303
7 51 0.019836
7 52 -0.027637
7 53 0.063449
7 54 -0.291514
7 55 -0.144994
7 56 -0.993417
7 57 -0.167968
7 58 -0.293014
7 59 -0.788309
7 60 1.185916
7 61 0.235002
8 27 -0.900358
8 28 -0.802277
8 29 -0.420335
8 30 -1.295058
8 31 0.230491
8 32 -0.358085
8 33 0.352233
8 34 0.110675
8 35 -0.581251
8 36 0.103504
8 37 -0.026536
8 38 -1.500472
8 39 0.209007
8 40 -0.772727
8 41 -0.386447
8 42 0.051903
8 43 0.403601
8 44 0.315491
8 45 -0.934566
8 46 0.811371
8 47 0.268683
8 48 0.252104
8 49 0.173424
8 50 -0.787509
8 51 0.158791
8 52 -0.666841
8 53 -0.343200
8 54 -0.934342
8 55 -0.388689
8 56 -1.131253
8 57 0.341224
8 58 -1.284478
8 59 0.410808
8 60 0.163700
8 61 -0.686626
9 27 -0.030912
9 28 -1.288430
9 29 0.156070
9 30 0.270976
9 31 -0.078667
9 32 0.571369
9 33 -0.869611
9 34 -0.721203
9 35 0.314006
9 36 -0.528717
9 37 -0.644734
9 38 0.644913
9 39 -0.447094
9 40 0.502181
9 41 -1.253435
9 42 -0.835207
9 43 -1.641075
9 44 -1.717810
9 45 0.559795
9 46 -1.393108
9 47 -1.181589
9 48 -1.459283
9 49 -0.342683
9 50 0.019995
9 51 -0.178307
9 52 0.048506
9 53 0.028221
9 54 0.136163
9 55 -0.711368
9 56 0.445275
9 57 -1.273905
9 58 0.201654
9 59 -0.609836
9 60 -0.617586
9 61 -0.444361
10 27 -0.545191
10 28 -0.490612
10 29 -0.938561
10 30 0.589674
10 31 -1.102568
10 32 0.209461
10 33 -0.709384
10 34 -1.036812
10 35 -0.766637
10 36 -0.413385
10 37 0.211984
10 38 -0.717662
10 39 -0.387752
10 40 -1.010811
10 41 -0.307420
10 42 0.255406
10 43 -0.730760
10 44 -0.924952
10 45 0.156227
10 46 0.540002
10 47 0.611698
10 48 -0.801981
10 49 0.010278
10 50 -0.787935
10 51 -0.380944
10 52 -0.001944
10 53 -0.233601
10 54 -0.889937
10 55 -0.491495
10 56 -0.957021
10 57 0.088065
10 58 -0.125985
10 59 0.180719
10 60 0.225399
10 61 0.252034
11 27 1.439527
11 28 1.119047
11 29 -1.384616
11 30 -1.084220
11 31 0.338311
11 32 -0.000211
11 33 1.164597
11 34 1.601723
11 35 -0.435526
11 36 -0.915107
11 37 -0.678272
11 38 0.056593
11 39 0.164009
11 40 0.591843
11 41 -0.416189
11 42 -0.461382
11 43 0.602079
11 44 0.614541
11 45 -0.607724
11 46 -0.340877
11 47 -1.157931
11 48 0.315885
11 49 -0.347194
11 50 0.030284
11 51 0.614077
11 52 -0.627919
11 53 0.557337
11 54 0.416052
11 55 1.370612
11 56 -1.452566
11 57 0.565605
11 58 -0.462721
11 59 -0.943605
11 60 -0.527601
11 61 -0.299182
12 27 0.134045
12 28 -0.149864
12 29 -0.072453
12 30 -0.314309
12 31 0.383872
12 32 0.278559
12 33 -0.281637
12 34 0.252921
12 35 -0.244931
12 36 -0.680491
12 37 -0.672373
12 38 -0.816839
12 39 -0.509910
12 40 0.264092
12 41 -0.455951
12 42 0.260395
12 43 -0.463984
12 44 0.652284
12 45 0.581260
12 46 -0.991019
12 47 -1.327458
12 48 -1.578221
12 49 -0.526750
12 50 0.630170
12 51 0.085591
12 52 -0.385135
12 53 0.005682
12 54 0.895968
12 55 -0.344697
12 56 0.549764
12 57 0.592998
12 58 -1.051502
12 59 -0.375187
12 60 -0.623668
12 61 -0.228095
13 27 0.188280
13 28 -1.480737
13 29 -0.409187
13 30 -0.525717
13 31 -1.070089
13 32 -0.098357
13 33 -0.878039
13 34 0.088589
13 35 0.411113
13 36 0.626798
13 37 1.173787
13 38 0.576069
13 39 0.049262
13 40 -0.754785
13 41 -0.229889
13 42 -0.323989
13 43 1.067779
13 44 -1.336248
13 45 -0.336886
13 46 0.513980
13 47 0.413734
13 48 0.857769
13 49 0.129062
13 50 -0.770394
13 51 -0.155709
13 52 0.075753
13 53 0.479732
13 54 -0.859117
13 55 -0.026020
13 56 -1.328568
13 57 -1.371130
13 58 0.829881
13 59 -0.005970
13 60 1.088617
13 61 0.202085
14 27 0.293325
14 28 -0.498537
14 29 -0.023706
14 30 -0.758391
14 31 0.248022
14 32 0.043780
14 33 0.078142
14 34 -0.175817
14 35 -0.189450
14 36 0.361406
14 37 -0.742413
14 38 -0.617466
14 39 0.755100
14 40 -0.406380
14 41 -0.461676
14 42 0.558631
14 43 -0.639937
14 44 -0.195271
14 45 -0.981884
14 46 0.596058
14 47 -0.861986
14 48 -0.010363
14 49 -0.121769
14 50 -0.410921
14 51 0.061668
14 52 -0.149447
14 53 0.992150
14 54 0.701747
14 55 -0.407569
14 56 -0.456825
14 57 -0.774410
14 58 0.533517
14 59 -0.683644
14 60 0.145069
14 61 -0.291474
15 27 -0.589404
15 28 -1.308632
15 29 -0.133765
15 30 -0.117396
15 31 -1.010883
15 32 -0.412437
15 33 -0.489678
15 34 -0.659018
15 35 0.105157
15 36 -0.752616
15 37 1.568186
15 38 0.302748
15 39 -0.342316
15 40 -0.660307
15 41 0.084528
15 42 -0.240426
15 43 0.315723
15 44 -0.716857
15 45 1.752651
15 46 -0.401700
15 47 0.849673
15 48 -1.044894
15 49 -0.357531
15 50 -0.009853
15 51 -0.329751
15 52 0.325223
15 53 -0.060677
15 54 -1.046995
15 55 -0.053120
15 56 0.261279
15 57 1.322962
15 58 -0.464570
15 59 0.720932
15 60 -0.481548
15 61 0.157675
16 27 -0.029237
16 28 -0.736818
16 29 -0.430872
16 30 0.685355
16 31 -0.476666
16 32 -0.212195
16 33 -0.536930
16 34 -0.623408
16 35 1.053190
16 36 -0.630278
16 37 -0.851491
16 38 -0.684751
16 39 -0.128564
16 40 0.039343
16 41 0.103495
16 42 0.506935
16 43 0.630847
16 44 -0.034523
16 45 0.626135
16 46 -0.861200
16 47 0.045878
16 48 -0.664513
16 49 -0.588293
16 50 -1.088826
16 51 -0.288591
16 52 0.482319
16 53 0.323638
16 54 0.673621
16 55 0.400369
16 56 -0.968127
16 57 -0.646228
16 58 0.362687
16 59 -1.046371
16 60 0.139537
16 61 0.242148
17 27 -0.504769
17 28 0.943590
17 29 0.038486
17 30 -0.620067
17 31 0.450117
17 32 0.553061
17 33 0.241443
17 34 1.569747
17 35 -1.075683
17 36 0.263463
17 37 1.206373
17 38 0.348361
17 39 0.076272
17 40 -0.548858
17 41 -0.768856
17 42 -0.857164
17 43 -1.743634
17 44 0.354975
17 45 0.119560
17 46 1.094341
17 47 -0.578306
17 48 -0.645772
17 49 0.433348
17 50 -0.105983
17 51 0.336464
17 52 -0.291694
17 53 -0.826006
17 54 -1.330533
17 55 -1.252635
17 56 0.625324
17 57 0.386582
17 58 -0.372101
17 59 0.170705
17 60 -0.589986
17 61 -0.122358
18 27 0.109706
18 28 0.489396
18 29 -0.489757
18 30 0.327915
18 31 0.399233
18 32 0.216416
18 33 0.948330
18 34 -0.956477
18 35 0.234322
18 36 -0.265146
18 37 -0.546060
18 38 -1.013037
18 39 -0.252225
18 40 -0.453863
18 41 0.305346
18 42 0.599003
18 43 -1.718139
18 44 0.374890
18 45 -0.742206
18 46 0.852398
18 47 0.076317
18 48 0.132117
18 49 0.430248
18 50 -0.531886
18 51 -0.245708
18 52 0.223931
18 53 0.480481
18 54 0.598703
18 55 -0.180039
18 56 -0.791185
18 57 -0.129864
18 58 -0.650622
18 59 0.389319
18 60 0.456434
18 61 0.092086
19 27 0.236604
19 28 0.836057
19 29 -0.521858
19 30 0.090405
19 31 0.201813
19 32 -0.414529
19 33 -0.555068
19 34 -0.924846
19 35 0.220398
19 36 -0.656604
19 37 -0.561373
19 38 -1.081376
19 39 -0.730031
19 40 -0.272393
19 41 0.314721
19 42 0.812462
19 43 0.483613
19 44 -0.164721
19 45 1.023500
19 46 -0.959124
19 47 0.839327
19 48 -0.702044
19 49 0.123440
19 50 0.300214
19 51 -0.075865
19 52 -0.015627
19 53 -0.279636
19 54 0.262756
19 55 0.040943
19 56 0.327289
19 57 0.576386
19 58 -0.883703
19 59 0.462570
19 60 -0.442005
19 61 -0.042607
20 27 0.113958
20 28 -1.260754
20 29 -0.168114
20 30 -0.471844
20 31 0.739199
20 32 -0.259855
20 33 -0.368966
20 34 0.227121
20 35 0.593621
20 36 0.645734
20 37 -0.442473
20 38 -0.817358
20 39 -0.173919
20 40 -0.222556
20 41 -0.227813
20 42 0.463483
20 43 0.775125
20 44 -0.945887
20 45 -0.590785
20 46 0.615616
20 47 -0.201784
20 48 0.811428
20 49 -0.164095
20 50 0.496103
20 51 0.344064
20 52 -0.094480
20 53 -0.177481
20 54 0.371999
20 55 0.936127
20 56 0.928744
20 57 -1.149526
20 58 0.859969
20 59 0.544999
20 60 -0.517664
20 61 -0.254907
21 27 -0.940027
21 28 0.245699
21 29 1.473840
21 30 0.826064
21 31 -0.553134
21 32 -0.110303
21 33 0.312446
21 34 -0.700186
21 35 -0.354792
21 36 -0.176137
21 37 -0.485973
21 38 0.060539
21 39 0.498846
21 40 1.452743
21 41 -0.738828
21 42 -0.593086
21 43 0.593788
21 44 0.923280
21 45 -0.673733
21 46 -1.060911
21 47 -0.780228
21 48 -0.214496
21 49 -0.289622
21 50 -0.434018
21 51 -0.094126
21 52 0.055145
21 53 0.288422
21 54 0.217372
21 55 -0.321843
21 56 -0.947446
21 57 0.109513
21 58 -0.581447
21 59 -0.724622
21 60 0.314553
21 61 0.096328
22 27 0.172830
22 28 -0.903050
22 29 -0.293326
22 30 0.027076
22 31 -0.370144
22 32 -0.081499
22 33 -0.536368
22 34 -0.421804
22 35 0.308260
22 36 -0.582906
22 37 -0.410085
22 38 0.118998
22 39 -0.041721
22 40 0.415171
22 41 0.027537
22 42 -0.523451
22 43 -0.832135
22 44 -0.385116
22 45 -0.123258
22 46 -0.810832
22 47 -0.548112
22 48 -0.545529
22 49 -0.089125
22 50 0.026245
22 51 -0.068328
22 52 -0.072599
22 53 0.013862
22 54 0.079482
22 55 0.004217
22 56 0.245845
22 57 -1.026357
22 58 0.674023
22 59 -0.475098
22 60 -0.227647
22 61 0.487396
23 27 0.499111
23 28 0.803908
23 29 1.208843
23 30 -0.643493
23 31 -0.296604
23 32 0.290872
23 33 0.441302
23 34 0.550062
23 35 -0.264297
23 36 0.605074
23 37 -0.805131
23 38 0.454265
23 39 0.073100
23 40 0.928266
23 41 -0.097744
23 42 -0.731268
23 43 0.542832
23 44 0.704687
23 45 -1.219897
23 46 -0.247061
23 47 -0.898844
23 48 -0.190409
23 49 -0.541354
23 50 0.160481
23 51 0.185629
23 52 -0.409378
23 53 -0.946648
23 54 0.701235
23 55 -0.079990
23 56 -0.069243
23 57 0.219649
23 58 -0.501858
23 59 -0.895231
23 60 -0.448509
23 61 -0.319571
24 27 0.398969
24 28 -0.448993
24 29 -0.609256
24 30 0.299608
24 31 -0.252284
24 32 -0.056301
24 33 -1.202585
24 34 -0.328660
24 35 0.135696
24 36 0.197654
24 37 0.558165
24 38 0.617545
24 39 0.677846
24 40 -0.206759
24 41 -0.510616
24 42 -0.462245
24 43 0.492285
24 44 -1.048028
24 45 -0.240367
24 46 0.333483
24 47 0.667300
24 48 0.610216
24 49 -0.115930
24 50 -0.459359
24 51 -0.143235
24 52 0.528987
24 53 -0.426466
24 54 -0.842085
24 55 0.102298
24 56 -0.863914
24 57 -0.909387
24 58 1.036272
24 59 -0.112578
24 60 0.713335
24 61 -0.063215
25 27 -0.526689
25 28 0.166478
25 29 -0.432052
25 30 -0.017138
25 31 -0.582537
25 32 0.095940
25 33 -0.073023
25 34 -0.163585
25 35 -0.052962
25 36 -0.493009
25 37 0.717540
25 38 0.812361
25 39 -0.106355
25 40 -1.013926
25 41 0.523347
25 42 -0.587545
25 43 0.260286
25 44 -0.620666
25 45 0.696874
25 46 -0.375080
25 47 0.955405
25 48 -1.183835
25 49 -0.118814
25 50 -0.555680
25 51 -0.319425
25 52 0.003211
25 53 -0.924609
25 54 -1.022956
25 55 -0.158152
25 56 0.414652
25 57 0.987729
25 58 -0.439309
25 59 0.359575
25 60 -0.494609
25 61 -0.170106
26 27 0.158438
26 28 0.286048
26 29 -0.020516
26 30 -0.724533
26 31 0.536273
26 32 0.183013
26 33 0.209704
26 34 0.734091
26 35 -0.678280
26 36 0.013864
26 37 0.525739
26 38 0.365599
26 39 0.138446
26 40 -0.383638
26 41 0.367230
26 42 -1.185413
26 43 -1.500335
26 44 0.536185
26 45 -0.400633
26 46 1.224418
26 47 -0.500280
26 48 0.248272
26 49 0.503535
26 50 0.524290
26 51 0.286227
26 52 -0.125013
26 53 0.779931
26 54 -1.013553
26 55 -0.602319
26 56 0.568502
26 57 0.809454
26 58 -0.196983
26 59 -0.027540
26 60 -0.503709
26 61 0.040526
27 0 -0.365027
27 1 0.178218
27 2 0.114808
27 3 -0.091236
27 4 -0.103945
27 5 -0.768384
27 6 0.059853
27 7 -0.632644
27 8 -0.900358
27 9 -0.030912
27 10 -0.545191
27 11 1.439527
27 12 0.134045
27 13 0.188280
27 14 0.293325
27 15 -0.589404
27 16 -0.029237
27 17 -0.504769
27 18 0.109706
27 19 0.236604
27 20 0.113958
27 21 -0.940027
27 22 0.172830
27 23 0.499111
27 24 0.398969
27 25 -0.526689
27 26 0.158438
27 62 -0.350805
27 63 0.058960
27 64 0.033235
27 65 -0.168887
27 66 0.080496
27 67 0.154908
27 68 0.135672
27 69 0.119329
27 70 0.006479
27 71 -0.289238
27 72 -0.006502
27 73 0.149522
27 74 0.006840
27 75 0.112071
27 76 -0.040158
27 77 -0.009847
27 78 0.137585
27 79 0.001817
27 80 0.119053
27 81 0.079272
27 82 -0.030291
27 83 0.073422
27 84 -0.013587
27 85 -0.079582
27 86 -0.097780
27 87 -0.005302
27 88 0.162342
27 89 -0.092134
27 90 0.041236
27 91 -0.053987
27 92 -0.092131
27 93 -0.401778
27 94 -0.205343
27 95 0.046343
27 96 0.106800
27 133 -0.259636
28 0 0.269742
28 1 0.275316
28 2 -0.102165
28 3 0.092162
28 4 0.256865
28 5 -0.944989
28 6 -0.586056
28 7 -0.044156
28 8 -0.802277
28 9 -1.288430
28 10 -0.490612
28 11 1.119047
28 12 -0.149864
28 13 -1.480737
28 14 -0.498537
28 15 -1.308632
28 16 -0.736818
28 17 0.943590
28 18 0.489396
28 19 0.836057
28 20 -1.260754
28 21 0.245699
28 22 -0.903050
28 23 0.803908
28 24 -0.448993
28 25 0.166478
28 26 0.286048
28 62 -0.246872
28 63 0.204381
28 64 0.044586
28 65 -0.361279
28 66 0.117223
28 67 0.346804
28 68 0.335591
28 69 0.242223
28 70 -0.000917
28 71 -0.348389
28 72 -0.080869
28 73 0.203641
28 74 0.124980
28 75 0.277766
28 76 0.100028
28 77 0.101509
28 78 0.109527
28 79 0.147964
28 80 0.098879
28 81 0.218186
28 82 0.080657
28 83 0.015646
28 84 -0.045954
28 85 0.252834
28 86 0.073764
28 87 -0.054540
28 88 0.151696
28 89 0.021687
28 90 0.003620
28 91 0.065918
28 92 -0.024802
28 93 -0.300659
28 94 -0.320698
28 95 -0.078795
28 96 -0.029152
28 133 -0.024506
29 0 -0.346883
29 1 -0.243230
29 2 -0.257434
29 3 -0.102813
29 4 -0.181436
29 5 -0.628721
29 6 -0.575711
29 7 -1.050410
29 8 -0.420335
29 9 0.156070
29 10 -0.938561
29 11 -1.384616
29 12 -0.072453
29 13 -0.409187
29 14 -0.023706
29 15 -0.133765
29 16 -0.430872
29 17 0.038486
29 18 -0.489757
29 19 -0.521858
29 20 -0.168114
29 21 1.473840
29 22 -0.293326
29 23 1.208843
29 24 -0.609256
29 25 -0.432052
29 26 -0.020516
29 62 -0.360809
29 63 0.184038
29 64 0.047931
29 65 -0.077075
29 66 0.137600
29 67 0.083260
29 68 0.083325
29 69 0.251549
29 70 0.042101
29 71 -0.310108
29 72 -0.050577
29 73 0.103777
29 74 0.053769
29 75 0.119911
29 76 -0.038835
29 77 0.058318
29 78 -0.086677
29 79 0.082950
29 80 0.254416
29 81 -0.049473
29 82 0.140121
29 83 0.103797
29 84 0.175313
29 85 0.269179
29 86 0.192363
29 87 0.033307
29 88 0.142634
29 89 0.108813
29 90 0.211574
29 91 0.098713
29 92 -0.064219
29 93 -0.362010
29 94 -0.203820
29 95 -0.050902
29 96 0.030374
29 133 0.189367
30 0 -0.581687
30 1 0.437862
30 2 -0.518441
30 3 -0.378776
30 4 0.488241
30 5 -0.491314
30 6 -0.784704
30 7 0.473703
30 8 -1.295058
30 9 0.270976
30 10 0.589674
30 11 -1.084220
30 12 -0.314309
30 13 -0.525717
30 14 -0.758391
30 15 -0.117396
30 16 0.685355
30 17 -0.620067
30 18 0.327915
30 19 0.090405
30 20 -0.471844
30 21 0.826064
30 22 0.027076
30 23 -0.643493
30 24 0.299608
30 25 -0.017138
30 26 -0.724533
30 62 -0.070704
30 63 0.273939
30 64 0.046349
30 65 0.002378
30 66 0.087967
30 67 0.406281
30 68 0.327020
30 69 0.300376
30 70 0.291848
30 71 -0.759615
30 72 0.034230
30 73 0.043385
30 74 0.285869
30 75 0.124186
30 76 0.174646
30 77 -0.088750
30 78 -0.121446
30 79 0.488245
30 80 0.383657
30 81 -0.105850
30 82 0.195238
30 83 0.127746
30 84 0.164687
30 85 0.159738
30 86 0.002209
30 87 0.031273
30 88 0.051716
30 89 0.205611
30 90 0.214236
30 91 0.173572
30 92 0.314222
30 93 -0.174744
30 94 -0.067281
30 95 0.034676
30 96 0.114566
30 133 -0.567373
31 0 -0.671795
31 1 0.092661
31 2 -0.582140
31 3 0.193894
31 4 -0.688282
31 5 0.277131
31 6 0.293250
31 7 -0.963425
31 8 0.230491
31 9 -0.078667
31 10 -1.102568
31 11 0.338311
31 12 0.383872
31 13 -1.070089
31 14 0.248022
31 15 -1.010883
31 16 -0.476666
31 17 0.450117
31 18 0.399233
31 19 0.201813
31 20 0.739199
31 21 -0.553134
31 22 -0.370144
31 23 -0.296604
31 24 -0.252284
31 25 -0.582537
31 26 0.536273
31 62 0.389520
31 63 -0.156520
31 64 -0.143014
31 65 0.345415
31 66 -0.017797
31 67 -0.155450
31 68 -0.040991
31 69 -0.176152
31 70 -0.026033
31 71 0.274833
31 72 0.036314
31 73 -0.088759
31 74 -0.160080
31 75 0.015914
31 76 -0.140807
31 77 -0.119277
31 78 -0.170510
31 79 -0.449871
31 80 -0.250565
31 81 -0.014194
31 82 -0.099032
31 83 -0.018306
31 84 -0.053653
31 85 -0.047452
31 86 -0.126835
31 87 0.172603
31 88 -0.162161
31 89 -0.044698
31 90 -0.089785
31 91 -0.215319
31 92 0.043021
31 93 0.230270
31 94 0.307114
31 95 0.123770
31 96 0.020991
31 133 -0.370370
32 0 -0.450309
32 1 -0.065728
32 2 0.076273
32 3 -0.130427
32 4 0.125783
32 5 -0.162908
32 6 0.155262
32 7 -0.102722
32 8 -0.358085
32 9 0.571369
32 10 0.209461
32 11 -0.000211
32 12 0.278559
32 13 -0.098357
32 14 0.043780
32 15 -0.412437
32 16 -0.212195
32 17 0.553061
32 18 0.216416
32 19 -0.414529
32 20 -0.259855
32 21 -0.110303
32 22 -0.081499
32 23 0.290872
32 24 -0.056301
32 25 0.095940
32 26 0.183013
32 62 0.040245
32 63 -0.194917
32 64 0.019436
32 65 0.265533
32 66 0.013027
32 67 -0.177775
32 68 -0.246227
32 69 0.116263
32 70 0.070448
32 71 0.596085
32 72 -0.052271
32 73 -0.015127
32 74 -0.126210
32 75 -0.081708
32 76 0.058555
32 77 0.021447
32 78 0.050378
32 79 -0.014510
32 80 0.056510
32 81 -0.035596
32 82 0.053252
32 83 -0.106215
32 84 0.040839
32 85 -0.152383
32 86 -0.008044
32 87 0.115756
32 88 0.114342
32 89 -0.043217
32 90 0.017092
32 91 -0.080262
32 92 -0.043037
32 93 0.393681
32 94 0.206949
32 95 0.114023
32 96 0.042504
32 133 -0.281556
33 0 -0.888191
33 1 -0.890111
33 2 -0.322895
33 3 0.082458
33 4 0.680634
33 5 -0.375976
33 6 -1.203847
33 7 0.226797
33 8 0.352233
33 9 -0.869611
33 10 -0.709384
33 11 1.164597
33 12 -0.281637
33 13 -0.878039
33 14 0.078142
33 15 -0.489678
33 16 -0.536930
33 17 0.241443
33 18 0.948330
33 19 -0.555068
33 20 -0.368966
33 21 0.312446
33 22 -0.536368
33 23 0.441302
33 24 -1.202585
33 25 -0.073023
33 26 0.209704
33 62 -0.322287
33 63 0.070502
33 64 0.039010
33 65 -0.100375
33 66 0.002691
33 67 -0.071058
33 68 0.138070
33 69 0.092635
33 70 -0.018593
33 71 -0.285332
33 72 0.048540
33 73 0.146937
33 74 0.030343
33 75 0.096889
33 76 0.055370
33 77 0.023597
33 78 0.040939
33 79 -0.004506
33 80 0.094609
33 81 0.037400
33 82 0.005857
33 83 -0.077196
33 84 0.135581
33 85 0.170661
33 86 -0.004364
33 87 -0.044390
33 88 0.117204
33 89 0.022294
33 90 0.064024
33 91 0.019586
33 92 0.010411
33 93 -0.282102
33 94 -0.210815
33 95 -0.012648
33 96 0.064837
33 133 -0.965747
34 0 0.544829
34 1 -0.894908
34 2 0.274914
34 3 -0.619032
34 4 -0.866074
34 5 1.203231
34 6 0.595823
34 7 -0.234633
34 8 0.110675
34 9 -0.721203
34 10 -1.036812
34 11 1.601723
34 12 0.252921
34 13 0.088589
34 14 -0.175817
34 15 -0.659018
34 16 -0.623408
34 17 1.569747
34 18 -0.956477
34 19 -0.924846
34 20 0.227121
34 21 -0.700186
34 22 -0.421804
34 23 0.550062
34 24 -0.328660
34 25 -0.163585
34 26 0.734091
34 62 0.516066
34 63 -0.265840
34 64 0.012376
34 65 0.366821
34 66 -0.027931
34 67 -0.319163
34 68 -0.273861
34 69 -0.251379
34 70 -0.205050
34 71 0.945941
34 72 -0.028229
34 73 -0.199053
34 74 -0.089965
34 75 -0.158127
34 76 -0.102394
34 77 0.020954
34 78 -0.136752
34 79 -0.188926
34 80 -0.276984
34 81 -0.271360
34 82 -0.127017
34 83 -0.087011
34 84 -0.295430
34 85 -0.232959
34 86 -0.087490
34 87 0.043293
34 88 -0.103716
34 89 -0.146997
34 90 -0.171384
34 91 -0.074139
34 92 -0.364947
34 93 0.473405
34 94 0.497462
34 95 0.109501
34 96 -0.065374
34 133 -2.250218
35 0 -1.928522
35 1 0.270485
35 2 -0.270538
35 3 -1.170149
35 4 -0.298021
35 5 -1.171517
35 6 -0.193536
35 7 -0.403180
35 8 -0.581251
35 9 0.314006
35 10 -0.766637
35 11 -0.435526
35 12 -0.244931
35 13 0.411113
35 14 -0.189450
35 15 0.105157
35 16 1.053190
35 17 -1.075683
35 18 0.234322
35 19 0.220398
35 20 0.593621
35 21 -0.354792
35 22 0.308260
35 23 -0.264297
35 24 0.135696
35 25 -0.052962
35 26 -0.678280
35 62 -0.247170
35 63 0.029890
35 64 0.022557
35 65 -0.381719
35 66 0.071101
35 67 -0.105037
35 68 0.090912
35 69 0.179830
35 70 0.114114
35 71 -0.035606
35 72 -0.104838
35 73 0.142218
35 74 -0.020258
35 75 0.110102
35 76 -0.064930
35 77 0.063299
35 78 0.008827
35 79 0.169984
35 80 0.186613
35 81 -0.071627
35 82 0.120569
35 83 0.065857
35 84 0.195674
35 85 0.083373
35 86 -0.047409
35 87 -0.167586
35 88 0.110279
35 89 0.009607
35 90 0.077585
35 91 0.055618
35 92 0.043448
35 93 -0.143097
35 94 -0.087782
35 95 -0.103412
35 96 0.015571
35 133 -0.117026
36 0 0.019986
36 1 0.200629
36 2 0.160495
36 3 -0.307571
36 4 -1.000745
36 5 -0.506636
36 6 -0.687837
36 7 -0.276234
36 8 0.103504
36 9 -0.528717
36 10 -0.413385
36 11 -0.915107
36 12 -0.680491
36 13 0.626798
36 14 0.361406
36 15 -0.752616
36 16 -0.630278
36 17 0.263463
36 18 -0.265146
36 19 -0.656604
36 20 0.645734
36 21 -0.176137
36 22 -0.582906
36 23 0.605074
36 24 0.197654
36 25 -0.493009
36 26 0.013864
36 62 -0.239106
36 63 0.344947
36 64 0.093930
36 65 -0.258101
36 66 0.149257
36 67 0.440593
36 68 0.315012
36 69 0.289141
36 70 0.167297
36 71 -0.520385
36 72 -0.107514
36 73 0.078878
36 74 0.197039
36 75 0.254018
36 76 0.088859
36 77 0.068832
36 78 0.090707
36 79 0.371316
36 80 0.180627
36 81 0.268152
36 82 0.110296
36 83 -0.045409
36 84 0.205413
36 85 0.194715
36 86 0.156182
36 87 0.004681
36 88 0.074148
36 89 0.209865
36 90 -0.066694
36 91 0.132806
36 92 0.205780
36 93 -0.109383
36 94 -0.012313
36 95 0.028112
36 96 0.026999
36 133 -0.945768
37 0 0.154700
37 1 -0.442072
37 2 0.398375
37 3 -0.372251
37 4 0.517560
37 5 -0.623301
37 6 -0.361626
37 7 -0.594831
37 8 -0.026536
37 9 -0.644734
37 10 0.211984
37 11 -0.678272
37 12 -0.672373
37 13 1.173787
37 14 -0.742413
37 15 1.568186
37 16 -0.851491
37 17 1.206373
37 18 -0.546060
37 19 -0.561373
37 20 -0.442473
37 21 -0.485973
37 22 -0.410085
37 23 -0.805131
37 24 0.558165
37 25 0.717540
37 26 0.525739
37 62 0.671915
37 63 -0.500705
37 64 0.064232
37 65 0.418679
37 66 -0.091575
37 67 -0.454280
37 68 -0.367392
37 69 -0.173222
37 70 -0.163813
37 71 1.016401
37 72 0.071132
37 73 -0.119328
37 74 -0.197217
37 75 -0.147433
37 76 0.021485
37 77 0.014375
37 78 -0.167301
37 79 -0.380718
37 80 -0.172003
37 81 -0.116929
37 82 -0.153478
37 83 0.040506
37 84 -0.013149
37 85 -0.252515
37 86 -0.020754
37 87 -0.012792
37 88 -0.116757
37 89 -0.074803
37 90 0.035456
37 91 -0.021655
37 92 -0.264716
37 93 0.636975
37 94 0.080231
37 95 0.240951
37 96 0.055641
37 133 -2.065401
38 0 0.472245
38 1 -0.803417
38 2 0.701996
38 3 -1.434108
38 4 0.611456
38 5 -0.747332
38 6 -0.558660
38 7 -1.250222
38 8 -1.500472
38 9 0.644913
38 10 -0.717662
38 11 0.056593
38 12 -0.816839
38 13 0.576069
38 14 -0.617466
38 15 0.302748
38 16 -0.684751
38 17 0.348361
38 18 -1.013037
38 19 -1.081376
38 20 -0.817358
38 21 0.060539
38 22 0.118998
38 23 0.454265
38 24 0.617545
38 25 0.812361
38 26 0.365599
38 62 -0.362409
38 63 0.379665
38 64 -0.025575
38 65 -0.160878
38 66 0.051350
38 67 0.499932
38 68 0.403629
38 69 0.440446
38 70 -0.063468
38 71 -0.928101
38 72 0.033349
38 73 0.348496
38 74 0.284321
38 75 0.303226
38 76 0.125225
38 77 0.078118
38 78 0.018236
38 79 0.404969
38 80 0.383482
38 81 0.015973
38 82 0.063622
38 83 0.089059
38 84 0.044355
38 85 0.443886
38 86 -0.054802
38 87 -0.067273
38 88 0.106234
38 89 0.167118
38 90 0.283723
38 91 0.055847
38 92 -0.116968
38 93 -0.282540
38 94 -0.150272
38 95 -0.125104
38 96 -0.095003
38 133 -0.581600
39 0 -0.389067
39 1 -0.464426
39 2 -0.192818
39 3 -0.534265
39 4 -0.500131
39 5 0.113596
39 6 -0.162140
39 7 0.531311
39 8 0.209007
39 9 -0.447094
39 10 -0.387752
39 11 0.164009
39 12 -0.509910
39 13 0.049262
39 14 0.755100
39 15 -0.342316
39 16 -0.128564
39 17 0.076272
39 18 -0.252225
39 19 -0.730031
39 20 -0.173919
39 21 0.498846
39 22 -0.041721
39 23 0.073100
39 24 0.677846
39 25 -0.106355
39 26 0.138446
39 62 -0.158439
39 63 0.158217
39 64 0.065441
39 65 -0.192741
39 66 0.130583
39 67 0.307806
39 68 0.209936
39 69 0.204034
39 70 0.143125
39 71 -0.344880
39 72 0.046206
39 73 0.199853
39 74 0.191447
39 75 0.181045
39 76 0.102961
39 77 0.038654
39 78 0.100989
39 79 0.213573
39 80 0.136968
39 81 0.206748
39 82 0.150888
39 83 0.080397
39 84 0.290644
39 85 0.302540
39 86 -0.017709
39 87 0.032098
39 88 0.190579
39 89 0.075171
39 90 0.024511
39 91 0.141327
39 92 0.212603
39 93 -0.075464
39 94 -0.021278
39 95 -0.125380
39 96 0.101212
39 133 -0.465416
40 0 0.103114
40 1 -0.706865
40 2 -0.426048
40 3 -0.405107
40 4 0.464959
40 5 -0.911609
40 6 -1.067048
40 7 0.411581
40 8 -0.772727
40 9 0.502181
40 10 -1.010811
40 11 0.591843
40 12 0.264092
40 13 -0.754785
40 14 -0.406380
40 15 -0.660307
40 16 0.039343
40 17 -0.548858
40 18 -0.453863
40 19 -0.272393
40 20 -0.222556
40 21 1.452743
40 22 0.415171
40 23 0.928266
40 24 -0.206759
40 25 -1.013926
40 26 -0.383638
40 62 0.378123
40 63 -0.274710
40 64 -0.117606
40 65 -0.174477
40 66 0.002891
40 67 -0.243263
40 68 -0.208856
40 69 -0.040323
40 70 -0.044427
40 71 0.897187
40 72 -0.135540
40 73 -0.106796
40 74 -0.123074
40 75 -0.059688
40 76 -0.148356
40 77 -0.011193
40 78 -0.060645
40 79 -0.179963
40 80 0.023169
40 81 -0.241101
40 82 -0.049814
40 83 -0.025177
40 84 -0.085030
40 85 -0.135234
40 86 -0.025581
40 87 -0.083776
40 88 0.125159
40 89 -0.087315
40 90 -0.009360
40 91 -0.063871
40 92 -0.229502
40 93 0.217675
40 94 -0.219942
40 95 -0.095994
40 96 0.017773
40 133 -0.021098
41 0 -0.720962
41 1 0.606870
41 2 -0.578275
41 3 0.415829
41 4 0.995783
41 5 -0.344672
41 6 -0.535000
41 7 -0.383563
41 8 -0.386447
41 9 -1.253435
41 10 -0.307420
41 11 -0.416189
41 12 -0.455951
41 13 -0.229889
41 14 -0.461676
41 15 0.084528
41 16 0.103495
41 17 -0.768856
41 18 0.305346
41 19 0.314721
41 20 -0.227813
41 21 -0.738828
41 22 0.027537
41 23 -0.097744
41 24 -0.510616
41 25 0.523347
41 26 0.367230
41 62 -0.368951
41 63 0.181146
41 64 0.091220
41 65 -0.072865
41 66 0.133202
41 67 0.367033
41 68 0.319504
41 69 0.238515
41 70 0.067593
41 71 -0.406595
41 72 0.066719
41 73 0.060457
41 74 0.221144
41 75 0.216551
41 76 0.174973
41 77 0.108045
41 78 0.037577
41 79 0.172023
41 80 0.294085
41 81 0.137171
41 82 0.041709
41 83 -0.026979
41 84 0.073667
41 85 0.207861
41 86 0.106599
41 87 0.073811
41 88 -0.026724
41 89 0.072699
41 90 0.101513
41 91 -0.025638
41 92 0.102807
41 93 -0.269652
41 94 -0.064827
41 95 -0.079623
41 96 -0.007801
41 133 -0.186021
42 0 -0.912523
42 1 1.284597
42 2 -1.361567
42 3 1.646150
42 4 -0.743029
42 5 1.452589
42 6 0.089341
42 7 -0.714456
42 8 0.051903
42 9 -0.835207
42 10 0.255406
42 11 -0.461382
42 12 0.260395
42 13 -0.323989
42 14 0.558631
42 15 -0.240426
42 16 0.506935
42 17 -0.857164
42 18 0.599003
42 19 0.812462
42 20 0.463483
42 21 -0.593086
42 22 -0.523451
42 23 -0.731268
42 24 -0.462245
42 25 -0.587545
42 26 -1.185413
42 62 0.732258
42 63 -0.531026
42 64 -0.065406
42 65 -0.082516
42 66 -0.062125
42 67 -0.461845
42 68 -0.403739
42 69 -0.167867
42 70 -0.240186
42 71 1.316802
42 72 -0.055278
42 73 -0.180756
42 74 -0.191494
42 75 -0.179791
42 76 -0.055462
42 77 0.010201
42 78 -0.169043
42 79 -0.443696
42 80 -0.117820
42 81 -0.116643
42 82 -0.167213
42 83 -0.019967
42 84 -0.147968
42 85 -0.278859
42 86 -0.074559
42 87 0.162802
42 88 -0.084679
42 89 -0.192972
42 90 -0.308034
42 91 -0.067911
42 92 -0.371608
42 93 0.675137
42 94 0.089206
42 95 -0.039631
42 96 0.016831
42 133 -2.559531
43 0 0.810713
43 1 -1.924787
43 2 -0.566493
43 3 0.289702
43 4 -0.326533
43 5 1.072029
43 6 -0.702031
43 7 0.873563
43 8 0.403601
43 9 -1.641075
43 10 -0.730760
43 11 0.602079
43 12 -0.463984
43 13 1.067779
43 14 -0.639937
43 15 0.315723
43 16 0.630847
43 17 -1.743634
43 18 -1.718139
43 19 0.483613
43 20 0.775125
43 21 0.593788
43 22 -0.832135
43 23 0.542832
43 24 0.492285
43 25 0.260286
43 26 -1.500335
43 62 -0.401132
43 63 0.335449
43 64 0.020790
43 65 -0.224107
43 66 -0.033296
43 67 0.426363
43 68 0.435962
43 69 0.407733
43 70 -0.163374
43 71 -0.419415
43 72 -0.066691
43 73 0.173863
43 74 0.323740
43 75 0.144939
43 76 0.175058
43 77 0.157754
43 78 -0.000297
43 79 -0.315527
43 80 0.372292
43 81 0.534308
43 82 0.227293
43 83 -0.058974
43 84 0.346645
43 85 0.304641
43 86 0.407657
43 87 -0.015752
43 88 -0.053024
43 89 0.157422
43 90 0.213431
43 91 0.181966
43 92 -0.218872
43 93 -0.538415
43 94 -0.042583
43 95 0.011040
43 96 -0.002677
43 133 -0.837279
44 0 -1.133416
44 1 0.658676
44 2 0.028830
44 3 0.313138
44 4 0.106890
44 5 -0.692019
44 6 -1.090980
44 7 1.281808
44 8 0.315491
44 9 -1.717810
44 10 -0.924952
44 11 0.614541
44 12 0.652284
44 13 -1.336248
44 14 -0.195271
44 15 -0.716857
44 16 -0.034523
44 17 0.354975
44 18 0.374890
44 19 -0.164721
44 20 -0.945887
44 21 0.923280
44 22 -0.385116
44 23 0.704687
44 24 -1.048028
44 25 -0.620666
44 26 0.536185
44 62 -0.189930
44 63 0.400610
44 64 -0.056446
44 65 -0.058552
44 66 0.202696
44 67 0.491421
44 68 0.384048
44 69 0.426117
44 70 0.123414
44 71 -0.706005
44 72 0.059405
44 73 0.243376
44 74 0.324456
44 75 0.318574
44 76 0.016736
44 77 0.106850
44 78 0.018073
44 79 0.161224
44 80 0.384215
44 81 0.116393
44 82 0.160362
44 83 0.050490
44 84 0.210372
44 85 0.392766
44 86 0.270552
44 87 -0.098873
44 88 0.263412
44 89 0.155638
44 90 0.353250
44 91 0.052257
44 92 0.102603
44 93 -0.191963
44 94 -0.014289
44 95 -0.030588
44 96 -0.038056
44 133 -0.690106
45 0 0.285530
45 1 -0.663843
45 2 -0.757091
45 3 1.630895
45 4 0.126360
45 5 -0.370951
45 6 0.093832
45 7 -0.492321
45 8 -0.934566
45 9 0.559795
45 10 0.156227
45 11 -0.607724
45 12 0.581260
45 13 -0.336886
45 14 -0.981884
45 15 1.752651
45 16 0.626135
45 17 0.119560
45 18 -0.742206
45 19 1.023500
45 20 -0.590785
45 21 -0.673733
45 22 -0.123258
45 23 -1.219897
45 24 -0.240367
45 25 0.696874
45 26 -0.400633
45 62 0.582490
45 63 -0.319728
45 64 -0.088314
45 65 0.082839
45 66 -0.033914
45 67 -0.219281
45 68 -0.188582
45 69 -0.113171
45 70 -0.147908
45 71 0.814047
45 72 0.111629
45 73 -0.109413
45 74 -0.159046
45 75 -0.100977
45 76 0.016664
45 77 -0.031261
45 78 0.062002
45 79 -0.201337
45 80 -0.122660
45 81 -0.144510
45 82 -0.158757
45 83 -0.053022
45 84 -0.227308
45 85 -0.152652
45 86 -0.127646
45 87 0.024337
45 88 0.038930
45 89 -0.154567
45 90 -0.447125
45 91 -0.096078
45 92 -0.154385
45 93 0.513058
45 94 0.492384
45 95 0.121299
45 96 0.121391
45 133 -2.516819
46 0 -0.829308
46 1 1.154098
46 2 -0.029078
46 3 -0.761388
46 4 -0.687164
46 5 0.676847
46 6 -0.079092
46 7 -1.094255
46 8 0.811371
46 9 -1.393108
46 10 0.540002
46 11 -0.340877
46 12 -0.991019
46 13 0.513980
46 14 0.596058
46 15 -0.401700
46 16 -0.861200
46 17 1.094341
46 18 0.852398
46 19 -0.959124
46 20 0.615616
46 21 -1.060911
46 22 -0.810832
46 23 -0.247061
46 24 0.333483
46 25 -0.375080
46 26 1.224418
46 62 -0.139077
46 63 0.324982
46 64 0.069078
46 65 -0.232878
46 66 0.126919
46 67 0.267025
46 68 0.304212
46 69 0.291207
46 70 0.226812
46 71 -0.248102
46 72 -0.163051
46 73 0.078943
46 74 0.033102
46 75 0.141107
46 76 -0.108342
46 77 -0.035142
46 78 0.358367
46 79 0.448811
46 80 -0.138168
46 81 0.202927
46 82 0.171387
46 83 -0.008554
46 84 -0.106625
46 85 0.212261
46 86 -0.087382
46 87 -0.156358
46 88 0.222826
46 89 0.069329
46 90 -0.371866
46 91 0.029094
46 92 0.270055
46 93 -0.090161
46 94 -0.251455
46 95 -0.133379
46 96 -0.050822
46 133 -1.101636
47 0 -0.400659
47 1 0.088189
47 2 -0.707594
47 3 0.774824
47 4 -0.566565
47 5 -0.095040
47 6 0.523351
47 7 -0.611737
47 8 0.268683
47 9 -1.181589
47 10 0.611698
47 11 -1.157931
47 12 -1.327458
47 13 0.413734
47 14 -0.861986
47 15 0.849673
47 16 0.045878
47 17 -0.578306
47 18 0.076317
47 19 0.839327
47 20 -0.201784
47 21 -0.780228
47 22 -0.548112
47 23 -0.898844
47 24 0.667300
47 25 0.955405
47 26 -0.500280
47 62 -0.153601
47 63 0.336184
47 64 0.102079
47 65 -0.126985
47 66 0.112326
47 67 0.445756
47 68 0.346765
47 69 0.223105
47 70 0.180870
47 71 -0.586967
47 72 0.011241
47 73 0.264070
47 74 0.266750
47 75 0.202425
47 76 0.092393
47 77 0.012854
47 78 -0.044176
47 79 0.317472
47 80 0.362706
47 81 0.362837
47 82 0.144198
47 83 0.103088
47 84 0.263062
47 85 0.302440
47 86 0.205517
47 87 0.083233
47 88 -0.045712
47 89 0.039471
47 90 0.088708
47 91 -0.002733
47 92 0.348218
47 93 -0.101580
47 94 -0.161212
47 95 0.016721
47 96 -0.001821
47 133 -0.606245
48 0 -0.830028
48 1 0.565911
48 2 0.918996
48 3 -1.033965
48 4 -0.738547
48 5 0.926443
48 6 -0.100248
48 7 -0.845635
48 8 0.252104
48 9 -1.459283
48 10 -0.801981
48 11 0.315885
48 12 -1.578221
48 13 0.857769
48 14 -0.010363
48 15 -1.044894
48 16 -0.664513
48 17 -0.645772
48 18 0.132117
48 19 -0.702044
48 20 0.811428
48 21 -0.214496
48 22 -0.545529
48 23 -0.190409
48 24 0.610216
48 25 -1.183835
48 26 0.248272
48 62 -0.166321
48 63 0.454055
48 64 0.038222
48 65 -0.236121
48 66 0.045257
48 67 0.515327
48 68 0.370434
48 69 0.295023
48 70 0.127188
48 71 -0.599695
48 72 -0.030282
48 73 0.305915
48 74 0.260741
48 75 0.203942
48 76 0.049840
48 77 -0.002388
48 78 -0.050258
48 79 0.292569
48 80 0.221965
48 81 0.235347
48 82 0.217377
48 83 -0.078662
48 84 0.220759
48 85 0.366768
48 86 0.122532
48 87 -0.005685
48 88 0.091014
48 89 0.097671
48 90 -0.169472
48 91 0.062657
48 92 0.229217
48 93 -0.320430
48 94 -0.183711
48 95 -0.037933
48 96 0.022911
48 133 -1.122470
49 0 -0.301405
49 1 0.282774
49 2 -0.359277
49 3 0.352353
49 4 -0.079203
49 5 -0.266116
49 6 0.417689
49 7 -0.208194
49 8 0.173424
49 9 -0.342683
49 10 0.010278
49 11 -0.347194
49 12 -0.526750
49 13 0.129062
49 14 -0.121769
49 15 -0.357531
49 16 -0.588293
49 17 0.433348
49 18 0.430248
49 19 0.123440
49 20 -0.164095
49 21 -0.289622
49 22 -0.089125
49 23 -0.541354
49 24 -0.115930
49 25 -0.118814
49 26 0.503535
49 62 0.082199
49 63 0.520623
49 64 0.088607
49 65 0.090420
49 66 0.017836
49 67 0.373829
49 68 0.355874
49 69 0.223663
49 70 0.224019
49 71 -0.192898
49 72 0.086271
49 73 0.171600
49 74 0.339019
49 75 0.186641
49 76 -0.002562
49 77 0.002152
49 78 0.336467
49 79 0.292759
49 80 0.277752
49 81 0.044287
49 82 0.058569
49 83 -0.070031
49 84 0.089502
49 85 0.192612
49 86 0.017050
49 87 -0.071960
49 88 0.086823
49 89 0.015120
49 90 -0.087393
49 91 0.030980
49 92 0.289993
49 93 0.028481
49 94 -0.057124
49 95 0.082649
49 96 -0.092851
49 133 -0.803748
50 0 0.583536
50 1 -1.090147
50 2 -0.596114
50 3 0.615162
50 4 -0.573772
50 5 -0.187848
50 6 0.762540
50 7 -0.352303
50 8 -0.787509
50 9 0.019995
50 10 -0.787935
50 11 0.030284
50 12 0.630170
50 13 -0.770394
50 14 -0.410921
50 15 -0.009853
50 16 -1.088826
50 17 -0.105983
50 18 -0.531886
50 19 0.300214
50 20 0.496103
50 21 -0.434018
50 22 0.026245
50 23 0.160481
50 24 -0.459359
50 25 -0.555680
50 26 0.524290
50 62 -0.132704
50 63 0.349419
50 64 0.028056
50 65 -0.053652
50 66 0.054888
50 67 0.277681
50 68 0.298456
50 69 0.284611
50 70 0.110021
50 71 -0.421553
50 72 -0.008108
50 73 0.202117
50 74 0.175694
50 75 0.118476
50 76 0.155228
50 77 -0.083776
50 78 0.102302
50 79 0.128202
50 80 0.340676
50 81 0.300434
50 82 0.149630
50 83 0.034775
50 84 0.149346
50 85 0.157984
50 86 0.232001
50 87 -0.096311
50 88 0.021855
50 89 0.113120
50 90 0.228261
50 91 0.110546
50 92 0.157439
50 93 -0.102792
50 94 0.019141
50 95 -0.038142
50 96 0.083864
50 133 -0.622881
51 0 0.155740
51 1 -0.125598
51 2 -0.167582
51 3 -0.193392
51 4 -0.404344
51 5 0.331913
51 6 0.137623
51 7 0.019836
51 8 0.158791
51 9 -0.178307
51 10 -0.380944
51 11 0.614077
51 12 0.085591
51 13 -0.155709
51 14 0.061668
51 15 -0.329751
51 16 -0.288591
51 17 0.336464
51 18 -0.245708
51 19 -0.075865
51 20 0.344064
51 21 -0.094126
51 22 -0.068328
51 23 0.185629
51 24 -0.143235
51 25 -0.319425
51 26 0.286227
51 62 0.175129
51 63 -0.246055
51 64 0.004515
51 65 0.113312
51 66 0.046345
51 67 -0.127359
51 68 -0.129216
51 69 -0.048741
51 70 0.038310
51 71 0.451999
51 72 0.093599
51 73 -0.146138
51 74 -0.078833
51 75 -0.117527
51 76 0.077031
51 77 0.051810
51 78 -0.036288
51 79 -0.190603
51 80 0.057671
51 81 0.021645
51 82 -0.052659
51 83 0.052854
51 84 0.065379
51 85 -0.188171
51 86 0.003342
51 87 0.007173
51 88 0.022559
51 89 0.011937
51 90 -0.066277
51 91 0.015902
51 92 0.054483
51 93 0.246153
51 94 0.239675
51 95 -0.039242
51 96 -0.025074
51 133 -0.478195
52 0 -0.373517
52 1 -0.181307
52 2 -0.323127
52 3 0.293940
52 4 0.497920
52 5 -0.284907
52 6 -0.054020
52 7 -0.027637
52 8 -0.666841
52 9 0.048506
52 10 -0.001944
52 11 -0.627919
52 12 -0.385135
52 13 0.075753
52 14 -0.149447
52 15 0.325223
52 16 0.482319
52 17 -0.291694
52 18 0.223931
52 19 -0.015627
52 20 -0.094480
52 21 0.055145
52 22 -0.072599
52 23 -0.409378
52 24 0.528987
52 25 0.003211
52 26 -0.125013
52 62 -0.087534
52 63 0.152080
52 64 -0.065206
52 65 -0.046326
52 66 0.063765
52 67 0.246747
52 68 0.325606
52 69 0.243434
52 70 0.160337
52 71 -0.415321
52 72 0.044543
52 73 0.070846
52 74 0.121294
52 75 0.206292
52 76 0.042468
52 77 0.093730
52 78 0.048965
52 79 0.226745
52 80 0.244319
52 81 -0.006976
52 82 0.175999
52 83 0.039183
52 84 0.200223
52 85 0.204621
52 86 0.025030
52 87 -0.004588
52 88 0.144027
52 89 0.115696
52 90 0.252572
52 91 0.146213
52 92 0.221226
52 93 -0.139722
52 94 0.040213
52 95 -0.080739
52 96 0.037436
52 133 -0.385162
53 0 -1.013212
53 1 1.212280
53 2 0.375962
53 3 0.233687
53 4 0.122342
53 5 -0.203658
53 6 0.267382
53 7 0.063449
53 8 -0.343200
53 9 0.028221
53 10 -0.233601
53 11 0.557337
53 12 0.005682
53 13 0.479732
53 14 0.992150
53 15 -0.060677
53 16 0.323638
53 17 -0.826006
53 18 0.480481
53 19 -0.279636
53 20 -0.177481
53 21 0.288422
53 22 0.013862
53 23 -0.946648
53 24 -0.426466
53 25 -0.924609
53 26 0.779931
53 62 0.352051
53 63 -0.079802
53 64 0.046202
53 65 -0.005521
53 66 0.050795
