3080
0 27 -0.332174
0 28 -0.552785
0 29 0.340726
0 30 0.904926
0 31 -0.872103
0 32 -0.721333
0 33 -1.253507
0 34 0.354832
0 35 -0.386706
0 36 0.203356
0 37 -0.129482
0 38 -0.127747
0 39 0.389609
0 40 -0.467906
0 41 -0.051684
0 42 -0.220356
0 43 1.110500
0 44 -0.409472
0 45 0.261219
0 46 0.422574
0 47 0.887474
0 48 -0.090939
0 49 -0.190509
0 50 -0.420098
0 51 -0.388947
0 52 -0.395536
0 53 0.375103
1 27 -0.552760
1 28 0.239102
1 29 0.095939
1 30 -0.222979
1 31 0.211558
1 32 0.229315
1 33 0.008184
1 34 0.012192
1 35 -0.013616
1 36 -0.535345
1 37 -0.034829
1 38 -0.075618
1 39 -0.268833
1 40 0.226554
1 41 -0.028912
1 42 0.260990
1 43 -0.356370
1 44 0.135001
1 45 0.082956
1 46 -0.372418
1 47 -0.816511
1 48 -0.093731
1 49 0.630806
1 50 -0.870794
1 51 0.499796
1 52 0.424845
1 53 -1.735800
2 27 -0.191355
2 28 -0.500743
2 29 0.101986
2 30 -0.170986
2 31 0.027485
2 32 -0.204869
2 33 0.161978
2 34 -0.036551
2 35 0.064834
2 36 0.143273
2 37 -0.103880
2 38 -0.209893
2 39 -0.100055
2 40 -0.085900
2 41 0.093321
2 42 0.098937
2 43 -0.143599
2 44 -0.297964
2 45 -0.061252
2 46 -0.055356
2 47 -0.314719
2 48 -0.036942
2 49 -0.251589
2 50 -0.276637
2 51 0.457844
2 52 -0.250892
2 53 -0.351558
3 27 0.015449
3 28 -0.102735
3 29 -0.515027
3 30 -0.309581
3 31 0.259402
3 32 -0.137594
3 33 -0.350529
3 34 -0.189899
3 35 -0.089041
3 36 -0.712115
3 37 -0.073644
3 38 -0.304197
3 39 -0.128161
3 40 -0.127146
3 41 -0.010431
3 42 0.115222
3 43 0.038487
3 44 -0.114179
3 45 -0.176007
3 46 0.095221
3 47 0.326014
3 48 0.066159
3 49 -0.505445
3 50 -0.327260
3 51 0.488018
3 52 -0.428736
3 53 0.129697
4 27 -0.109290
4 28 0.207115
4 29 -0.124356
4 30 0.145602
4 31 0.330778
4 32 0.111625
4 33 0.270930
4 34 -0.040405
4 35 0.048141
4 36 -1.311075
4 37 0.102162
4 38 -0.093415
4 39 0.216219
4 40 0.196059
4 41 -0.103320
4 42 -0.198590
4 43 0.434024
4 44 0.571776
4 45 -0.311463
4 46 -0.256729
4 47 -1.379488
4 48 0.010861
4 49 0.075552
4 50 0.714723
4 51 -0.302035
4 52 -0.386810
4 53 -0.559616
5 27 0.216188
5 28 -0.559355
5 29 -0.570724
5 30 -0.107907
5 31 -0.602723
5 32 -0.578882
5 33 -0.534564
5 34 -0.070367
5 35 -0.295750
5 36 -0.065563
5 37 0.002520
5 38 0.104363
5 39 -0.338036
5 40 -0.341262
5 41 0.058313
5 42 -0.324802
5 43 -0.628936
5 44 -0.354104
5 45 -0.140562
5 46 0.238391
5 47 0.615945
5 48 0.049234
5 49 -0.489029
5 50 -0.460194
5 51 0.383524
5 52 -0.149040
5 53 0.737689
6 27 0.111112
6 28 -0.208707
6 29 -0.315417
6 30 -0.154230
6 31 0.519695
6 32 -0.920922
6 33 0.413633
6 34 -0.130453
6 35 -0.011086
6 36 -0.303594
6 37 -0.181837
6 38 -0.429822
6 39 -0.444171
6 40 -0.658556
6 41 0.158298
6 42 -0.246583
6 43 -0.234995
6 44 -0.372653
6 45 0.350870
6 46 -0.128553
6 47 0.225409
6 48 0.049885
6 49 -0.323370
6 50 -0.942976
6 51 0.314743
6 52 -0.727618
6 53 -0.210769
7 27 -0.314944
7 28 -0.102297
7 29 0.412348
7 30 0.830843
7 31 -0.217665
7 32 0.855334
7 33 -0.543922
7 34 0.063822
7 35 0.045480
7 36 -0.181016
7 37 0.045674
7 38 0.012065
7 39 0.615729
7 40 0.860554
7 41 0.141004
7 42 0.320307
7 43 0.300592
7 44 -0.296110
7 45 -0.225785
7 46 0.096729
7 47 -0.091868
7 48 0.018902
7 49 -0.250623
7 50 -0.439121
7 51 0.776251
7 52 0.004866
7 53 0.607637
8 27 0.402508
8 28 -0.510592
8 29 0.053063
8 30 -0.116625
8 31 -0.809410
8 32 0.303038
8 33 -1.126338
8 34 0.175624
8 35 -0.221127
8 36 1.002356
8 37 -0.169628
8 38 -0.239573
8 39 -0.274262
8 40 0.072568
8 41 -0.184321
8 42 0.162988
8 43 0.218067
8 44 -0.431755
8 45 0.545679
8 46 0.379677
8 47 -1.090087
8 48 -0.020005
8 49 0.158679
8 50 -0.587503
8 51 -0.175088
8 52 -0.405457
8 53 0.374266
9 27 0.034521
9 28 -0.195676
9 29 -0.912647
9 30 -0.329555
9 31 0.447908
9 32 -0.573282
9 33 0.111315
9 34 0.085142
9 35 0.193537
9 36 -1.151500
9 37 -0.128907
9 38 0.367233
9 39 -0.655018
9 40 -0.371190
9 41 0.033202
9 42 0.229150
9 43 -0.289046
9 44 -0.116806
9 45 -0.217313
9 46 -0.761862
9 47 0.164276
9 48 0.024294
9 49 -0.155065
9 50 0.650132
9 51 0.587241
9 52 0.527299
9 53 -0.008125
10 27 -0.298090
10 28 -0.016051
10 29 -0.384708
10 30 -0.163859
10 31 -0.013906
10 32 -0.295989
10 33 -0.269908
10 34 -0.104728
10 35 -0.012765
10 36 -0.532769
10 37 -0.084889
10 38 -0.507702
10 39 -0.192040
10 40 -0.242387
10 41 0.191001
10 42 -0.048398
10 43 -0.827801
10 44 -0.116313
10 45 -0.057080
10 46 -0.337505
10 47 -0.331466
10 48 -0.098657
10 49 -0.014273
10 50 0.189753
10 51 0.624936
10 52 -0.214157
10 53 -0.298599
11 27 0.116024
11 28 -0.240692
11 29 -0.044098
11 30 -0.412627
11 31 -0.122209
11 32 -0.044744
11 33 -0.164111
11 34 -0.112108
11 35 -0.034105
11 36 -0.109485
11 37 0.068610
11 38 0.005301
11 39 -0.152810
11 40 -0.087149
11 41 0.056272
11 42 0.193735
11 43 -0.335078
11 44 -0.266637
11 45 -0.000541
11 46 -0.241098
11 47 0.026802
11 48 -0.026976
11 49 0.032944
11 50 -0.117816
11 51 0.203524
11 52 0.198776
11 53 -0.163236
12 27 -0.156049
12 28 -0.380119
12 29 -0.025031
12 30 0.331113
12 31 0.428329
12 32 -0.879324
12 33 0.364099
12 34 -0.170814
12 35 0.031588
12 36 -0.292751
12 37 0.105729
12 38 0.178303
12 39 0.487714
12 40 -0.694200
12 41 -0.032709
12 42 0.225561
12 43 0.103365
12 44 -0.279730
12 45 -0.373090
12 46 0.033097
12 47 -1.172611
12 48 -0.132536
12 49 -0.412149
12 50 -0.508829
12 51 0.267722
12 52 0.077971
12 53 0.668029
13 27 0.568950
13 28 -0.082557
13 29 0.238931
13 30 -0.645638
13 31 -0.376283
13 32 0.650925
13 33 -0.624344
13 34 -0.477068
13 35 -0.116794
13 36 0.747564
13 37 0.024709
13 38 -0.819138
13 39 -0.103506
13 40 0.538371
13 41 -0.012103
13 42 0.365882
13 43 -0.526495
13 44 0.220088
13 45 -0.164764
13 46 0.399171
13 47 0.808106
13 48 -0.051816
13 49 -0.789674
13 50 0.163852
13 51 0.470396
13 52 -1.065769
13 53 0.111922
14 27 -0.110138
14 28 -0.150792
14 29 -0.181160
14 30 -0.485540
14 31 -0.267724
14 32 -0.336578
14 33 -0.314577
14 34 -0.237771
14 35 -0.023180
14 36 -0.438427
14 37 -0.241438
14 38 0.283458
14 39 -0.273046
14 40 -0.140090
14 41 0.030987
14 42 -0.148659
14 43 -0.591797
14 44 -0.206073
14 45 -0.391997
14 46 -0.147450
14 47 0.282777
14 48 0.014016
14 49 -0.331169
14 50 -0.461464
14 51 0.221617
14 52 0.248298
14 53 -0.161959
15 27 0.013225
15 28 -0.478010
15 29 0.306569
15 30 0.134719
15 31 0.470309
15 32 -0.029133
15 33 0.609907
15 34 0.134890
15 35 -0.102266
15 36 -0.020132
15 37 -0.020714
15 38 -0.201478
15 39 0.228420
15 40 0.006659
15 41 0.149319
15 42 -0.024541
15 43 -0.104171
15 44 -0.387751
15 45 -0.167545
15 46 -0.368375
15 47 0.168256
15 48 0.071293
15 49 0.016850
15 50 -0.448431
15 51 0.470372
15 52 -0.033424
15 53 -0.093172
16 27 -0.149525
16 28 0.414225
16 29 -0.229578
16 30 -0.290604
16 31 -0.906281
16 32 0.182622
16 33 -1.439935
16 34 -0.169239
16 35 -0.319526
16 36 -0.473742
16 37 0.138132
16 38 0.181378
16 39 -0.174151
16 40 0.303018
16 41 -0.096649
16 42 -0.149545
16 43 -0.437685
16 44 0.072595
16 45 -0.439040
16 46 -0.451280
16 47 0.553871
16 48 -0.045651
16 49 0.088387
16 50 0.016206
16 51 -0.161794
16 52 0.395607
16 53 0.007148
17 27 -0.163842
17 28 -0.335434
17 29 -0.019666
17 30 0.148516
17 31 0.412408
17 32 -0.618359
17 33 0.614020
17 34 0.318216
17 35 0.223017
17 36 -0.322299
17 37 -0.130853
17 38 -0.400031
17 39 -0.019197
17 40 -0.654057
17 41 0.074952
17 42 -0.200438
17 43 0.715114
17 44 -0.482091
17 45 0.179080
17 46 -0.519474
17 47 -1.287640
17 48 0.050002
17 49 -0.047595
17 50 -0.479178
17 51 0.106356
17 52 -0.653913
17 53 -0.267413
18 27 0.247525
18 28 -0.060163
18 29 -0.365892
18 30 -0.357753
18 31 0.440144
18 32 0.130246
18 33 0.344771
18 34 -0.085010
18 35 0.051177
18 36 -0.366651
18 37 -0.118981
18 38 0.174001
18 39 -0.400455
18 40 0.034607
18 41 -0.102432
18 42 -0.075046
18 43 -0.298671
18 44 0.108347
18 45 0.054050
18 46 -0.287174
18 47 -0.993928
18 48 0.010273
18 49 0.005685
18 50 -0.008271
18 51 -0.465604
18 52 0.367279
18 53 -0.357728
19 27 -0.109678
19 28 0.143215
19 29 0.561775
19 30 0.141110
19 31 0.035654
19 32 -0.512591
19 33 -0.025117
19 34 -0.086154
19 35 -0.181154
19 36 -0.011207
19 37 -0.044497
19 38 -0.017764
19 39 0.251207
19 40 -0.375724
19 41 0.012501
19 42 -0.439070
19 43 0.134541
19 44 0.381559
19 45 0.102039
19 46 -0.103046
19 47 0.145413
19 48 0.049742
19 49 -0.189398
19 50 0.131776
19 51 -0.140893
19 52 -0.524892
19 53 0.361575
20 27 -0.053296
20 28 -0.086633
20 29 0.510682
20 30 0.351448
20 31 -0.348630
20 32 -0.669112
20 33 -0.580930
20 34 0.073991
20 35 -0.254151
20 36 0.743470
20 37 0.049779
20 38 0.144454
20 39 0.146672
20 40 -0.507264
20 41 -0.009300
20 42 0.460270
20 43 0.035232
20 44 -0.214348
20 45 -0.029868
20 46 -0.109257
20 47 0.256639
20 48 0.077679
20 49 -0.039183
20 50 -0.437607
20 51 0.288784
20 52 0.128482
20 53 0.097423
21 27 0.115525
21 28 -0.274173
21 29 -0.303555
21 30 0.648711
21 31 -0.515568
21 32 0.480027
21 33 -0.885158
21 34 0.361335
21 35 -0.160458
21 36 -0.526510
21 37 -0.027131
21 38 0.684974
21 39 0.293048
21 40 0.403298
21 41 -0.010286
21 42 0.151725
21 43 1.043276
21 44 -0.575970
21 45 -0.076248
21 46 -0.063079
21 47 -0.697060
21 48 0.014550
21 49 -0.045461
21 50 0.531277
21 51 -0.021950
21 52 0.379636
21 53 1.203060
22 27 -0.319164
22 28 0.401967
22 29 0.056671
22 30 0.172197
22 31 0.069093
22 32 -0.508803
22 33 0.073098
22 34 -0.052288
22 35 0.197146
22 36 -0.200532
22 37 0.095666
22 38 0.096112
22 39 0.308423
22 40 -0.586463
22 41 0.158380
22 42 -0.343152
22 43 -0.061849
22 44 0.423692
22 45 -0.302053
22 46 -0.191356
22 47 0.412138
22 48 -0.071659
22 49 -0.052739
22 50 0.254183
22 51 0.009369
22 52 0.456196
22 53 -0.348972
23 27 0.105434
23 28 0.102048
23 29 0.138032
23 30 0.178153
23 31 -0.238870
23 32 -0.193633
23 33 -0.397424
23 34 0.069647
23 35 -0.158134
23 36 0.730417
23 37 0.037689
23 38 0.086950
23 39 -0.100360
23 40 0.043389
23 41 -0.140279
23 42 -0.139959
23 43 0.127834
23 44 0.157302
23 45 0.425627
23 46 0.367882
23 47 -0.684429
23 48 0.061789
23 49 0.226503
23 50 -0.001334
23 51 -0.686748
23 52 0.193174
23 53 -0.173199
24 27 -0.238627
24 28 0.100175
24 29 -0.342936
24 30 -0.634831
24 31 -0.226720
24 32 0.178470
24 33 -0.392776
24 34 -0.000747
24 35 -0.128561
24 36 -0.129175
24 37 -0.043454
24 38 -0.386675
24 39 -0.334628
24 40 0.119864
24 41 -0.007988
24 42 -0.344436
24 43 -0.059709
24 44 -0.054468
24 45 0.153430
24 46 -0.474883
24 47 0.509912
24 48 -0.105667
24 49 0.221529
24 50 0.135436
24 51 -0.549087
24 52 -0.003765
24 53 -0.499088
25 27 0.023552
25 28 -0.044192
25 29 0.079283
25 30 0.170422
25 31 -0.024909
25 32 -0.368165
25 33 -0.210796
25 34 0.147590
25 35 -0.163741
25 36 0.674639
25 37 0.062691
25 38 -0.226426
25 39 0.380723
25 40 -0.454250
25 41 -0.115449
25 42 -0.349441
25 43 0.055922
25 44 0.034422
25 45 0.258873
25 46 0.373900
25 47 -0.063584
25 48 -0.006453
25 49 0.228560
25 50 -0.028100
25 51 -0.577632
25 52 -0.070867
25 53 0.218388
26 27 0.320098
26 28 -0.048366
26 29 0.652834
26 30 0.411908
26 31 0.102780
26 32 -0.382663
26 33 0.096355
26 34 0.093256
26 35 0.074819
26 36 -0.105293
26 37 0.053956
26 38 -0.452285
26 39 0.301887
26 40 -0.289304
26 41 0.001710
26 42 0.083725
26 43 0.842786
26 44 -0.021923
26 45 0.130664
26 46 1.404097
26 47 -0.646024
26 48 0.051351
26 49 -0.334309
26 50 0.145780
26 51 -0.044260
26 52 -0.599081
26 53 0.337840
27 0 -0.332174
27 1 -0.552760
27 2 -0.191355
27 3 0.015449
27 4 -0.109290
27 5 0.216188
27 6 0.111112
27 7 -0.314944
27 8 0.402508
27 9 0.034521
27 10 -0.298090
27 11 0.116024
27 12 -0.156049
27 13 0.568950
27 14 -0.110138
27 15 0.013225
27 16 -0.149525
27 17 -0.163842
27 18 0.247525
27 19 -0.109678
27 20 -0.053296
27 21 0.115525
27 22 -0.319164
27 23 0.105434
27 24 -0.238627
27 25 0.023552
27 26 0.320098
27 54 0.064357
27 55 -0.006244
27 56 -0.117127
27 57 -0.101659
27 58 0.134899
27 59 -0.106004
27 60 -0.058215
27 61 -0.085189
27 62 -0.100391
27 63 -0.158500
27 64 0.157835
27 65 0.103065
27 66 -0.068925
27 67 0.010805
27 68 -0.262586
27 69 -0.085198
27 70 -0.097589
27 71 0.137798
27 72 0.105383
27 73 -0.051543
27 74 0.034976
27 75 0.313700
27 76 0.131347
27 77 0.176794
27 78 0.074569
27 79 -0.273155
27 80 0.289453
27 82 -0.005937
28 0 -0.552785
28 1 0.239102
28 2 -0.500743
28 3 -0.102735
28 4 0.207115
28 5 -0.559355
28 6 -0.208707
28 7 -0.102297
28 8 -0.510592
28 9 -0.195676
28 10 -0.016051
28 11 -0.240692
28 12 -0.380119
28 13 -0.082557
28 14 -0.150792
28 15 -0.478010
28 16 0.414225
28 17 -0.335434
28 18 -0.060163
28 19 0.143215
28 20 -0.086633
28 21 -0.274173
28 22 0.401967
28 23 0.102048
28 24 0.100175
28 25 -0.044192
28 26 -0.048366
28 54 -0.002872
28 55 0.018530
28 56 -0.058236
28 57 0.038090
28 58 -0.009392
28 59 -0.003106
28 60 0.086478
28 61 -0.102164
28 62 -0.096465
28 63 -0.138112
28 64 -0.100788
28 65 0.142227
28 66 -0.015875
28 67 0.006816
28 68 -0.239030
28 69 -0.119501
28 70 -0.050211
28 71 0.209894
28 72 0.224143
28 73 -0.074562
28 74 -0.090399
28 75 0.237427
28 76 0.026563
28 77 0.047846
28 78 0.292976
28 79 -0.138547
28 80 0.220221
28 82 0.097340
29 0 0.340726
29 1 0.095939
29 2 0.101986
29 3 -0.515027
29 4 -0.124356
29 5 -0.570724
29 6 -0.315417
29 7 0.412348
29 8 0.053063
29 9 -0.912647
29 10 -0.384708
29 11 -0.044098
29 12 -0.025031
29 13 0.238931
29 14 -0.181160
29 15 0.306569
29 16 -0.229578
29 17 -0.019666
29 18 -0.365892
29 19 0.561775
29 20 0.510682
29 21 -0.303555
29 22 0.056671
29 23 0.138032
29 24 -0.342936
29 25 0.079283
29 26 0.652834
29 54 0.110318
29 55 0.029396
29 56 -0.125758
29 57 -0.041536
29 58 0.020226
29 59 -0.125809
29 60 0.005349
29 61 -0.058506
29 62 -0.044762
29 63 -0.101416
29 64 0.009314
29 65 0.183370
29 66 -0.010474
29 67 -0.020796
29 68 -0.174739
29 69 -0.045493
29 70 -0.210396
29 71 0.288818
29 72 0.131134
29 73 -0.079690
29 74 -0.042290
29 75 0.293130
29 76 0.067745
29 77 0.175580
29 78 0.121322
29 79 -0.179662
29 80 0.269433
29 82 -0.002041
30 0 0.904926
30 1 -0.222979
30 2 -0.170986
30 3 -0.309581
30 4 0.145602
30 5 -0.107907
30 6 -0.154230
30 7 0.830843
30 8 -0.116625
30 9 -0.329555
30 10 -0.163859
30 11 -0.412627
30 12 0.331113
30 13 -0.645638
30 14 -0.485540
30 15 0.134719
30 16 -0.290604
30 17 0.148516
30 18 -0.357753
30 19 0.141110
30 20 0.351448
30 21 0.648711
30 22 0.172197
30 23 0.178153
30 24 -0.634831
30 25 0.170422
30 26 0.411908
30 54 0.102319
30 55 -0.022226
30 56 -0.117580
30 57 -0.047179
30 58 0.003603
30 59 0.005357
30 60 -0.002303
30 61 -0.233153
30 62 -0.193485
30 63 -0.054718
30 64 0.145231
30 65 0.067904
30 66 0.061411
30 67 -0.024317
30 68 -0.163051
30 69 -0.125583
30 70 -0.224598
30 71 0.333712
30 72 0.101927
30 73 -0.203588
30 74 0.023847
30 75 0.285631
30 76 0.084856
30 77 0.021563
30 78 0.218573
30 79 -0.247453
30 80 0.232633
30 82 0.043373
31 0 -0.872103
31 1 0.211558
31 2 0.027485
31 3 0.259402
31 4 0.330778
31 5 -0.602723
31 6 0.519695
31 7 -0.217665
31 8 -0.809410
31 9 0.447908
31 10 -0.013906
31 11 -0.122209
31 12 0.428329
31 13 -0.376283
31 14 -0.267724
31 15 0.470309
31 16 -0.906281
31 17 0.412408
31 18 0.440144
31 19 0.035654
31 20 -0.348630
31 21 -0.515568
31 22 0.069093
31 23 -0.238870
31 24 -0.226720
31 25 -0.024909
31 26 0.102780
31 54 -0.017703
31 55 0.152493
31 56 0.183027
31 57 0.064100
31 58 0.027968
31 59 0.126559
31 60 0.087111
31 61 0.312249
31 62 0.279456
31 63 0.056145
31 64 -0.049609
31 65 -0.008906
31 66 0.000676
31 67 0.217341
31 68 0.304138
31 69 0.063874
31 70 0.331225
31 71 0.037268
31 72 -0.031548
31 73 0.284199
31 74 0.161274
31 75 -0.005710
31 76 0.002705
31 77 -0.061320
31 78 -0.140654
31 79 0.344094
31 80 -0.044437
31 82 -0.003472
32 0 -0.721333
32 1 0.229315
32 2 -0.204869
32 3 -0.137594
32 4 0.111625
32 5 -0.578882
32 6 -0.920922
32 7 0.855334
32 8 0.303038
32 9 -0.573282
32 10 -0.295989
32 11 -0.044744
32 12 -0.879324
32 13 0.650925
32 14 -0.336578
32 15 -0.029133
32 16 0.182622
32 17 -0.618359
32 18 0.130246
32 19 -0.512591
32 20 -0.669112
32 21 0.480027
32 22 -0.508803
32 23 -0.193633
32 24 0.178470
32 25 -0.368165
32 26 -0.382663
32 54 -0.014601
32 55 0.165906
32 56 0.326284
32 57 0.246708
32 58 0.036705
32 59 0.127440
32 60 0.075818
32 61 0.383450
32 62 0.192449
32 63 0.140795
32 64 -0.020933
32 65 -0.094969
32 66 -0.037792
32 67 0.206686
32 68 0.455212
32 69 0.235996
32 70 0.398890
32 71 -0.157445
32 72 -0.234127
32 73 0.329328
32 74 0.137026
32 75 -0.114464
32 76 0.057125
32 77 -0.145592
32 78 -0.079454
32 79 0.507556
32 80 -0.119634
32 82 0.057197
33 0 -1.253507
33 1 0.008184
33 2 0.161978
33 3 -0.350529
33 4 0.270930
33 5 -0.534564
33 6 0.413633
33 7 -0.543922
33 8 -1.126338
33 9 0.111315
33 10 -0.269908
33 11 -0.164111
33 12 0.364099
33 13 -0.624344
33 14 -0.314577
33 15 0.609907
33 16 -1.439935
33 17 0.614020
33 18 0.344771
33 19 -0.025117
33 20 -0.580930
33 21 -0.885158
33 22 0.073098
33 23 -0.397424
33 24 -0.392776
33 25 -0.210796
33 26 0.096355
33 54 0.079884
33 55 0.175280
33 56 0.068906
33 57 0.153294
33 58 -0.003992
33 59 0.207955
33 60 0.091942
33 61 0.286329
33 62 0.354365
33 63 0.235397
33 64 0.085973
33 65 -0.061152
33 66 -0.031498
33 67 0.234643
33 68 0.132047
33 69 0.180753
33 70 0.386626
33 71 -0.037669
33 72 -0.147916
33 73 0.346646
33 74 0.207126
33 75 -0.128689
33 76 0.070566
33 77 -0.133599
33 78 -0.287146
33 79 0.319724
33 80 -0.061013
33 82 0.094310
34 0 0.354832
34 1 0.012192
34 2 -0.036551
34 3 -0.189899
34 4 -0.040405
34 5 -0.070367
34 6 -0.130453
34 7 0.063822
34 8 0.175624
34 9 0.085142
34 10 -0.104728
34 11 -0.112108
34 12 -0.170814
34 13 -0.477068
34 14 -0.237771
34 15 0.134890
34 16 -0.169239
34 17 0.318216
34 18 -0.085010
34 19 -0.086154
34 20 0.073991
34 21 0.361335
34 22 -0.052288
34 23 0.069647
34 24 -0.000747
34 25 0.147590
34 26 0.093256
34 54 0.097271
34 55 -0.111686
34 56 -0.041826
34 57 0.009091
34 58 0.116377
34 59 -0.007418
34 60 -0.040217
34 61 -0.052174
34 62 -0.143338
34 63 -0.150253
34 64 -0.021364
34 65 0.084458
34 66 0.036882
34 67 -0.029159
34 68 -0.099868
34 69 0.025767
34 70 -0.046999
34 71 0.232751
34 72 0.163427
34 73 -0.154037
34 74 0.007485
34 75 0.080416
34 76 0.092338
34 77 0.021321
34 78 0.075174
34 79 -0.215304
34 80 0.279525
34 82 0.095679
35 0 -0.386706
35 1 -0.013616
35 2 0.064834
35 3 -0.089041
35 4 0.048141
35 5 -0.295750
35 6 -0.011086
35 7 0.045480
35 8 -0.221127
35 9 0.193537
35 10 -0.012765
35 11 -0.034105
35 12 0.031588
35 13 -0.116794
35 14 -0.023180
35 15 -0.102266
35 16 -0.319526
35 17 0.223017
35 18 0.051177
35 19 -0.181154
35 20 -0.254151
35 21 -0.160458
35 22 0.197146
35 23 -0.158134
35 24 -0.128561
35 25 -0.163741
35 26 0.074819
35 54 0.043880
35 55 0.065906
35 56 0.094583
35 57 0.111331
35 58 -0.098620
35 59 0.094771
35 60 0.081388
35 61 0.117431
35 62 0.132986
35 63 0.130038
35 64 -0.042491
35 65 -0.008442
35 66 0.068595
35 67 0.141686
35 68 0.264033
35 69 0.168347
35 70 0.230430
35 71 0.002469
35 72 0.125091
35 73 0.190546
35 74 0.083787
35 75 0.124655
35 76 -0.109260
35 77 0.094613
35 78 0.014337
35 79 0.243967
35 80 0.108159
35 82 -0.085452
36 0 0.203356
36 1 -0.535345
36 2 0.143273
36 3 -0.712115
36 4 -1.311075
36 5 -0.065563
36 6 -0.303594
36 7 -0.181016
36 8 1.002356
36 9 -1.151500
36 10 -0.532769
36 11 -0.109485
36 12 -0.292751
36 13 0.747564
36 14 -0.438427
36 15 -0.020132
36 16 -0.473742
36 17 -0.322299
36 18 -0.366651
36 19 -0.011207
36 20 0.743470
36 21 -0.526510
36 22 -0.200532
36 23 0.730417
36 24 -0.129175
36 25 0.674639
36 26 -0.105293
36 54 0.007649
36 55 -0.170325
36 56 -0.216248
36 57 -0.217820
36 58 0.135112
36 59 -0.227115
36 60 -0.081327
36 61 -0.240781
36 62 -0.271765
36 63 -0.221851
36 64 0.042417
36 65 0.168685
36 66 0.059918
36 67 -0.106345
36 68 -0.497705
36 69 -0.225464
36 70 -0.173954
36 71 0.311969
36 72 0.188510
36 73 -0.151977
36 74 -0.105229
36 75 0.342013
36 76 0.124113
36 77 0.230036
36 78 0.328678
36 79 -0.484947
36 80 0.378622
36 82 0.065339
37 0 -0.129482
37 1 -0.034829
37 2 -0.103880
37 3 -0.073644
37 4 0.102162
37 5 0.002520
37 6 -0.181837
37 7 0.045674
37 8 -0.169628
37 9 -0.128907
37 10 -0.084889
37 11 0.068610
37 12 0.105729
37 13 0.024709
37 14 -0.241438
37 15 -0.020714
37 16 0.138132
37 17 -0.130853
37 18 -0.118981
37 19 -0.044497
37 20 0.049779
37 21 -0.027131
37 22 0.095666
37 23 0.037689
37 24 -0.043454
37 25 0.062691
37 26 0.053956
37 54 0.084830
37 55 0.094049
37 56 -0.068324
37 57 -0.086632
37 58 -0.045707
37 59 0.045638
37 60 0.097832
37 61 0.056096
37 62 0.073354
37 63 -0.036716
37 64 -0.005382
37 65 0.092066
37 66 -0.051467
37 67 0.043914
37 68 -0.054928
37 69 0.002854
37 70 -0.006693
37 71 0.058212
37 72 0.011345
37 73 -0.065974
37 74 -0.006667
37 75 0.105590
37 76 0.054701
37 77 0.050993
37 78 0.139475
37 79 0.004123
37 80 0.077800
37 82 0.070388
38 0 -0.127747
38 1 -0.075618
38 2 -0.209893
38 3 -0.304197
38 4 -0.093415
38 5 0.104363
38 6 -0.429822
38 7 0.012065
38 8 -0.239573
38 9 0.367233
38 10 -0.507702
38 11 0.005301
38 12 0.178303
38 13 -0.819138
38 14 0.283458
38 15 -0.201478
38 16 0.181378
38 17 -0.400031
38 18 0.174001
38 19 -0.017764
38 20 0.144454
38 21 0.684974
38 22 0.096112
38 23 0.086950
38 24 -0.386675
38 25 -0.226426
38 26 -0.452285
38 54 0.037012
38 55 -0.114154
38 56 -0.205164
38 57 -0.018330
38 58 0.097139
38 59 -0.002209
38 60 0.080333
38 61 -0.145082
38 62 -0.233335
38 63 -0.006023
38 64 0.090321
38 65 0.192038
38 66 0.057949
38 67 -0.055417
38 68 -0.339867
38 69 -0.170631
38 70 -0.206868
38 71 0.138985
38 72 -0.036358
38 73 -0.099465
38 74 -0.012026
38 75 0.379575
38 76 -0.034661
38 77 0.225927
38 78 0.334177
38 79 -0.164211
38 80 0.407102
38 82 -0.042052
39 0 0.389609
39 1 -0.268833
39 2 -0.100055
39 3 -0.128161
39 4 0.216219
39 5 -0.338036
39 6 -0.444171
39 7 0.615729
39 8 -0.274262
39 9 -0.655018
39 10 -0.192040
39 11 -0.152810
39 12 0.487714
39 13 -0.103506
39 14 -0.273046
39 15 0.228420
39 16 -0.174151
39 17 -0.019197
39 18 -0.400455
39 19 0.251207
39 20 0.146672
39 21 0.293048
39 22 0.308423
39 23 -0.100360
39 24 -0.334628
39 25 0.380723
39 26 0.301887
39 54 0.173859
39 55 0.036379
39 56 -0.132279
39 57 -0.095010
39 58 0.004283
39 59 -0.028673
39 60 -0.036738
39 61 -0.214438
39 62 -0.171675
39 63 0.006807
39 64 0.135710
39 65 0.176970
39 66 0.020034
39 67 -0.090393
39 68 -0.157994
39 69 -0.180671
39 70 -0.194532
39 71 0.131024
39 72 0.126998
39 73 -0.160536
39 74 -0.102204
39 75 0.142887
39 76 0.114357
39 77 0.097626
39 78 0.084423
39 79 -0.179606
39 80 0.187936
39 82 -0.007778
40 0 -0.467906
40 1 0.226554
40 2 -0.085900
40 3 -0.127146
40 4 0.196059
40 5 -0.341262
40 6 -0.658556
40 7 0.860554
40 8 0.072568
40 9 -0.371190
40 10 -0.242387
40 11 -0.087149
40 12 -0.694200
40 13 0.538371
40 14 -0.140090
40 15 0.006659
40 16 0.303018
40 17 -0.654057
40 18 0.034607
40 19 -0.375724
40 20 -0.507264
40 21 0.403298
40 22 -0.586463
40 23 0.043389
40 24 0.119864
40 25 -0.454250
40 26 -0.289304
40 54 0.061604
40 55 0.156306
40 56 0.248870
40 57 0.179453
40 58 -0.015249
40 59 0.051203
40 60 -0.012641
40 61 0.333449
40 62 0.297161
40 63 0.109065
40 64 0.023058
40 65 -0.034756
40 66 0.033963
40 67 0.128895
40 68 0.419443
40 69 0.103515
40 70 0.358314
40 71 0.005410
40 72 -0.121719
40 73 0.278018
40 74 0.079019
40 75 -0.113536
40 76 -0.026286
40 77 -0.001132
40 78 -0.200207
40 79 0.367284
40 80 -0.124954
40 82 0.082143
41 0 -0.051684
41 1 -0.028912
41 2 0.093321
41 3 -0.010431
41 4 -0.103320
41 5 0.058313
41 6 0.158298
41 7 0.141004
41 8 -0.184321
41 9 0.033202
41 10 0.191001
41 11 0.056272
41 12 -0.032709
41 13 -0.012103
41 14 0.030987
41 15 0.149319
41 16 -0.096649
41 17 0.074952
41 18 -0.102432
41 19 0.012501
41 20 -0.009300
41 21 -0.010286
41 22 0.158380
41 23 -0.140279
41 24 -0.007988
41 25 -0.115449
41 26 0.001710
41 54 -0.054759
41 55 0.119972
41 56 -0.099469
41 57 0.159436
41 58 -0.120614
41 59 0.103094
41 60 -0.085260
41 61 0.155425
41 62 0.055587
41 63 0.151675
41 64 -0.041721
41 65 0.035826
41 66 -0.079461
41 67 0.043283
41 68 0.106063
41 69 0.087306
41 70 0.099368
41 71 0.010270
41 72 0.009547
41 73 0.062252
41 74 0.026595
41 75 0.082308
41 76 -0.072929
41 77 0.051290
41 78 0.191302
41 79 0.220586
41 80 0.114643
41 82 0.066593
42 0 -0.220356
42 1 0.260990
42 2 0.098937
42 3 0.115222
42 4 -0.198590
42 5 -0.324802
42 6 -0.246583
42 7 0.320307
42 8 0.162988
42 9 0.229150
42 10 -0.048398
42 11 0.193735
42 12 0.225561
42 13 0.365882
42 14 -0.148659
42 15 -0.024541
42 16 -0.149545
42 17 -0.200438
42 18 -0.075046
42 19 -0.439070
42 20 0.460270
42 21 0.151725
42 22 -0.343152
42 23 -0.139959
42 24 -0.344436
42 25 -0.349441
42 26 0.083725
42 54 0.063481
42 55 0.149946
42 56 0.146235
42 57 0.184718
42 58 -0.003403
42 59 0.034887
42 60 0.019236
42 61 0.112765
42 62 0.220137
42 63 0.131887
42 64 0.030844
42 65 0.082309
42 66 -0.065153
42 67 0.065153
42 68 0.342859
42 69 0.122047
42 70 0.258060
42 71 -0.021599
42 72 -0.021137
42 73 0.226697
42 74 0.039603
42 75 -0.149740
42 76 0.025370
42 77 0.061697
42 78 0.061528
42 79 0.162991
42 80 -0.156458
42 82 0.090027
43 0 1.110500
43 1 -0.356370
43 2 -0.143599
43 3 0.038487
43 4 0.434024
43 5 -0.628936
43 6 -0.234995
43 7 0.300592
43 8 0.218067
43 9 -0.289046
43 10 -0.827801
43 11 -0.335078
43 12 0.103365
43 13 -0.526495
43 14 -0.591797
43 15 -0.104171
43 16 -0.437685
43 17 0.715114
43 18 -0.298671
43 19 0.134541
43 20 0.035232
43 21 1.043276
43 22 -0.061849
43 23 0.127834
43 24 -0.059709
43 25 0.055922
43 26 0.842786
43 54 0.149798
43 55 0.029482
43 56 -0.326551
43 57 -0.021234
43 58 0.126374
43 59 -0.189791
43 60 -0.047660
43 61 -0.227297
43 62 -0.086238
43 63 -0.152001
43 64 0.121105
43 65 0.203385
43 66 0.034453
43 67 -0.250600
43 68 -0.356222
43 69 -0.025724
43 70 -0.169722
43 71 0.350374
43 72 0.192065
43 73 -0.253978
43 74 -0.142497
43 75 0.313226
43 76 -0.026119
43 77 0.126792
43 78 0.281125
43 79 -0.358709
43 80 0.304984
43 82 0.099982
44 0 -0.409472
44 1 0.135001
44 2 -0.297964
44 3 -0.114179
44 4 0.571776
44 5 -0.354104
44 6 -0.372653
44 7 -0.296110
44 8 -0.431755
44 9 -0.116806
44 10 -0.116313
44 11 -0.266637
44 12 -0.279730
44 13 0.220088
44 14 -0.206073
44 15 -0.387751
44 16 0.072595
44 17 -0.482091
44 18 0.108347
44 19 0.381559
44 20 -0.214348
44 21 -0.575970
44 22 0.423692
44 23 0.157302
44 24 -0.054468
44 25 0.034422
44 26 -0.021923
44 54 -0.027298
44 55 0.008810
44 56 -0.266837
44 57 -0.055374
44 58 -0.005698
44 59 0.043924
44 60 0.072759
44 61 -0.212287
44 62 0.014176
44 63 0.019731
44 64 -0.004225
44 65 0.103133
44 66 0.074967
44 67 -0.167820
44 68 -0.240534
44 69 -0.041042
44 70 -0.149957
44 71 0.238377
44 72 0.206653
44 73 -0.014513
44 74 -0.008320
44 75 0.248401
44 76 -0.031111
44 77 0.024961
44 78 0.257275
44 79 -0.269795
44 80 0.115699
44 82 0.099224
45 0 0.261219
45 1 0.082956
45 2 -0.061252
45 3 -0.176007
45 4 -0.311463
45 5 -0.140562
45 6 0.350870
45 7 -0.225785
45 8 0.545679
45 9 -0.217313
45 10 -0.057080
45 11 -0.000541
45 12 -0.373090
45 13 -0.164764
45 14 -0.391997
45 15 -0.167545
45 16 -0.439040
45 17 0.179080
45 18 0.054050
45 19 0.102039
45 20 -0.029868
45 21 -0.076248
45 22 -0.302053
45 23 0.425627
45 24 0.153430
45 25 0.258873
45 26 0.130664
45 54 -0.041646
45 55 -0.136161
45 56 -0.201211
45 57 -0.160959
45 58 0.089200
45 59 0.020212
45 60 0.051923
45 61 -0.100968
45 62 -0.007692
45 63 0.025576
45 64 0.131952
45 65 0.011009
45 66 0.055775
45 67 0.017357
45 68 -0.149713
45 69 -0.055286
45 70 -0.026076
45 71 0.125784
45 72 0.010499
45 73 -0.009297
45 74 0.052355
45 75 0.181155
45 76 -0.019633
45 77 0.097185
45 78 0.095449
45 79 -0.179847
45 80 0.088155
45 82 -0.084264
46 0 0.422574
46 1 -0.372418
46 2 -0.055356
46 3 0.095221
46 4 -0.256729
46 5 0.238391
46 6 -0.128553
46 7 0.096729
46 8 0.379677
46 9 -0.761862
46 10 -0.337505
46 11 -0.241098
46 12 0.033097
46 13 0.399171
46 14 -0.147450
46 15 -0.368375
46 16 -0.451280
46 17 -0.519474
46 18 -0.287174
46 19 -0.103046
46 20 -0.109257
46 21 -0.063079
46 22 -0.191356
46 23 0.367882
46 24 -0.474883
46 25 0.373900
46 26 1.404097
46 54 0.136577
46 55 -0.105880
46 56 -0.232378
46 57 -0.148968
46 58 0.133832
46 59 -0.026359
46 60 0.026912
46 61 -0.087542
46 62 -0.127842
46 63 -0.023664
46 64 0.103993
46 65 0.249738
46 66 -0.086729
46 67 -0.041368
46 68 -0.191350
46 69 -0.055473
46 70 -0.212292
46 71 0.434485
46 72 0.222772
46 73 -0.119471
46 74 0.011341
46 75 0.361470
46 76 0.170571
46 77 0.144577
46 78 0.261670
46 79 -0.354593
46 80 0.409327
46 82 0.082385
47 0 0.887474
47 1 -0.816511
47 2 -0.314719
47 3 0.326014
47 4 -1.379488
47 5 0.615945
47 6 0.225409
47 7 -0.091868
47 8 -1.090087
47 9 0.164276
47 10 -0.331466
47 11 0.026802
47 12 -1.172611
47 13 0.808106
47 14 0.282777
47 15 0.168256
47 16 0.553871
47 17 -1.287640
47 18 -0.993928
47 19 0.145413
47 20 0.256639
47 21 -0.697060
47 22 0.412138
47 23 -0.684429
47 24 0.509912
47 25 -0.063584
47 26 -0.646024
47 54 0.006720
47 55 0.197131
47 56 0.173469
47 57 0.181044
47 58 0.011313
47 59 0.322186
47 60 -0.113810
47 61 0.466416
47 62 0.454898
47 63 0.278242
47 64 -0.010838
47 65 -0.033422
47 66 -0.038366
47 67 0.177114
47 68 0.635502
47 69 0.285678
47 70 0.493601
47 71 -0.036393
47 72 -0.146755
47 73 0.120495
47 74 0.009176
47 75 -0.143184
47 76 0.003359
47 77 -0.087056
47 78 -0.249237
47 79 0.370655
47 80 -0.115945
47 82 -0.081122
48 0 -0.090939
48 1 -0.093731
48 2 -0.036942
48 3 0.066159
48 4 0.010861
48 5 0.049234
48 6 0.049885
48 7 0.018902
48 8 -0.020005
48 9 0.024294
48 10 -0.098657
48 11 -0.026976
48 12 -0.132536
48 13 -0.051816
48 14 0.014016
48 15 0.071293
48 16 -0.045651
48 17 0.050002
48 18 0.010273
48 19 0.049742
48 20 0.077679
48 21 0.014550
48 22 -0.071659
48 23 0.061789
48 24 -0.105667
48 25 -0.006453
48 26 0.051351
48 54 -0.064940
48 55 0.088064
48 56 -0.020499
48 57 -0.030254
48 58 0.101123
48 59 0.004516
48 60 0.055120
48 61 0.039494
48 62 -0.013073
48 63 -0.069118
48 64 0.033911
48 65 -0.060905
48 66 0.079719
48 67 0.076073
48 68 -0.078080
48 69 0.064487
48 70 0.039883
48 71 0.130178
48 72 -0.063922
48 73 -0.010334
48 74 -0.007350
48 75 -0.023362
48 76 0.029122
48 77 0.115957
48 78 0.032887
48 79 -0.017458
48 80 0.010410
48 82 0.019200
49 0 -0.190509
49 1 0.630806
49 2 -0.251589
49 3 -0.505445
49 4 0.075552
49 5 -0.489029
49 6 -0.323370
49 7 -0.250623
49 8 0.158679
49 9 -0.155065
49 10 -0.014273
49 11 0.032944
49 12 -0.412149
49 13 -0.789674
49 14 -0.331169
49 15 0.016850
49 16 0.088387
49 17 -0.047595
49 18 0.005685
49 19 -0.189398
49 20 -0.039183
49 21 -0.045461
49 22 -0.052739
49 23 0.226503
49 24 0.221529
49 25 0.228560
49 26 -0.334309
49 54 -0.030344
49 55 -0.084953
49 56 -0.107682
49 57 -0.058069
49 58 0.109346
49 59 -0.147619
49 60 -0.009754
49 61 -0.187978
49 62 -0.072112
49 63 0.020627
49 64 -0.091158
49 65 0.172179
49 66 0.036648
49 67 -0.107539
49 68 -0.224436
49 69 -0.118199
49 70 -0.064111
49 71 0.216533
49 72 0.041212
49 73 -0.165781
49 74 0.034421
49 75 0.249204
49 76 -0.067826
49 77 0.210453
49 78 0.163631
49 79 -0.235917
49 80 0.262222
49 82 -0.003830
50 0 -0.420098
50 1 -0.870794
50 2 -0.276637
50 3 -0.327260
50 4 0.714723
50 5 -0.460194
50 6 -0.942976
50 7 -0.439121
50 8 -0.587503
50 9 0.650132
50 10 0.189753
50 11 -0.117816
50 12 -0.508829
50 13 0.163852
50 14 -0.461464
50 15 -0.448431
50 16 0.016206
50 17 -0.479178
50 18 -0.008271
50 19 0.131776
50 20 -0.437607
50 21 0.531277
50 22 0.254183
50 23 -0.001334
50 24 0.135436
50 25 -0.028100
50 26 0.145780
50 54 -0.053575
50 55 -0.057768
50 56 -0.221808
50 57 -0.046795
50 58 0.040551
50 59 -0.193459
50 60 -0.010059
50 61 -0.227117
50 62 -0.175262
50 63 -0.091839
50 64 0.166006
50 65 0.164686
50 66 -0.009072
50 67 -0.108617
50 68 -0.388949
50 69 -0.231715
50 70 -0.262101
50 71 0.124326
50 72 0.312954
50 73 -0.212300
50 74 -0.148042
50 75 0.502598
50 76 -0.045994
50 77 0.204581
50 78 0.451974
50 79 -0.501961
50 80 0.515755
50 82 -0.050725
51 0 -0.388947
51 1 0.499796
51 2 0.457844
51 3 0.488018
51 4 -0.302035
51 5 0.383524
51 6 0.314743
51 7 0.776251
51 8 -0.175088
51 9 0.587241
51 10 0.624936
51 11 0.203524
51 12 0.267722
51 13 0.470396
51 14 0.221617
51 15 0.470372
51 16 -0.161794
51 17 0.106356
51 18 -0.465604
51 19 -0.140893
51 20 0.288784
51 21 -0.021950
51 22 0.009369
51 23 -0.686748
51 24 -0.549087
51 25 -0.577632
51 26 -0.044260
51 54 -0.203367
51 55 0.035740
51 56 0.192268
51 57 0.103930
51 58 -0.030654
51 59 0.281273
51 60 0.058276
51 61 0.400810
51 62 0.252248
51 63 0.177589
51 64 -0.029170
51 65 -0.048795
51 66 -0.068051
51 67 0.190565
51 68 0.395285
51 69 0.273569
51 70 0.357189
51 71 -0.018203
51 72 0.098982
51 73 0.159217
51 74 0.136023
51 75 0.098750
51 76 -0.116403
51 77 -0.029347
51 78 -0.041640
51 79 0.586819
51 80 0.104103
51 82 0.053339
52 0 -0.395536
52 1 0.424845
52 2 -0.250892
52 3 -0.428736
52 4 -0.386810
52 5 -0.149040
52 6 -0.727618
52 7 0.004866
52 8 -0.405457
52 9 0.527299
52 10 -0.214157
52 11 0.198776
52 12 0.077971
52 13 -1.065769
52 14 0.248298
52 15 -0.033424
52 16 0.395607
52 17 -0.653913
52 18 0.367279
52 19 -0.524892
52 20 0.128482
52 21 0.379636
52 22 0.456196
52 23 0.193174
52 24 -0.003765
52 25 -0.070867
52 26 -0.599081
52 54 -0.019691
52 55 -0.043829
52 56 -0.290256
52 57 -0.100720
52 58 0.007752
52 59 -0.060283
52 60 0.076401
52 61 -0.283015
52 62 -0.123938
52 63 -0.036512
52 64 -0.019717
52 65 0.027455
52 66 -0.099420
52 67 -0.066291
52 68 -0.434384
52 69 -0.180111
52 70 -0.349036
52 71 0.008309
52 72 0.114055
52 73 -0.259236
52 74 -0.143589
52 75 0.271255
52 76 -0.099302
52 77 0.014407
52 78 0.228009
52 79 -0.278552
52 80 0.329030
52 82 -0.047396
53 0 0.375103
53 1 -1.735800
53 2 -0.351558
53 3 0.129697
53 4 -0.559616
53 5 0.737689
53 6 -0.210769
53 7 0.607637
53 8 0.374266
53 9 -0.008125
53 10 -0.298599
53 11 -0.163236
53 12 0.668029
53 13 0.111922
53 14 -0.161959
53 15 -0.093172
53 16 0.007148
53 17 -0.267413
53 18 -0.357728
53 19 0.361575
53 20 0.097423
53 21 1.203060
53 22 -0.348972
53 23 -0.173199
53 24 -0.499088
53 25 0.218388
53 26 0.337840
53 54 0.158840
53 55 0.007191
53 56 -0.355829
53 57 -0.008425
53 58 0.072958
53 59 -0.184556
53 60 -0.037589
53 61 -0.219460
53 62 -0.367609
53 63 -0.065286
53 64 0.189458
53 65 0.108966
53 66 -0.034023
53 67 -0.048606
53 68 -0.521896
53 69 -0.161315
53 70 -0.303095
53 71 0.358978
53 72 -0.067107
53 73 -0.323837
53 74 -0.132236
53 75 0.327439
53 76 0.142891
53 77 0.249508
53 78 0.310601
53 79 -0.216458
53 80 0.394485
53 82 -0.071474
54 27 0.064357
54 28 -0.002872
54 29 0.110318
54 30 0.102319
54 31 -0.017703
54 32 -0.014601
54 33 0.079884
54 34 0.097271
54 35 0.043880
54 36 0.007649
54 37 0.084830
54 38 0.037012
54 39 0.173859
54 40 0.061604
54 41 -0.054759
54 42 0.063481
54 43 0.149798
54 44 -0.027298
54 45 -0.041646
54 46 0.136577
54 47 0.006720
54 48 -0.064940
54 49 -0.030344
54 50 -0.053575
54 51 -0.203367
54 52 -0.019691
54 53 0.158840
54 81 -0.126998
54 83 -0.013883
55 27 -0.006244
55 28 0.018530
55 29 0.029396
55 30 -0.022226
55 31 0.152493
55 32 0.165906
55 33 0.175280
55 34 -0.111686
55 35 0.065906
55 36 -0.170325
55 37 0.094049
55 38 -0.114154
55 39 0.036379
55 40 0.156306
55 41 0.119972
55 42 0.149946
55 43 0.029482
55 44 0.008810
55 45 -0.136161
55 46 -0.105880
55 47 0.197131
55 48 0.088064
55 49 -0.084953
55 50 -0.057768
55 51 0.035740
55 52 -0.043829
55 53 0.007191
55 81 0.087578
55 83 0.075296
56 27 -0.117127
56 28 -0.058236
56 29 -0.125758
56 30 -0.117580
56 31 0.183027
56 32 0.326284
56 33 0.068906
56 34 -0.041826
56 35 0.094583
56 36 -0.216248
56 37 -0.068324
56 38 -0.205164
56 39 -0.132279
56 40 0.248870
56 41 -0.099469
56 42 0.146235
56 43 -0.326551
56 44 -0.266837
56 45 -0.201211
56 46 -0.232378
56 47 0.173469
56 48 -0.020499
56 49 -0.107682
56 50 -0.221808
56 51 0.192268
56 52 -0.290256
56 53 -0.355829
56 81 0.261883
56 83 0.013579
57 27 -0.101659
57 28 0.038090
57 29 -0.041536
57 30 -0.047179
57 31 0.064100
57 32 0.246708
57 33 0.153294
57 34 0.009091
57 35 0.111331
57 36 -0.217820
57 37 -0.086632
57 38 -0.018330
57 39 -0.095010
57 40 0.179453
57 41 0.159436
57 42 0.184718
57 43 -0.021234
57 44 -0.055374
57 45 -0.160959
57 46 -0.148968
57 47 0.181044
57 48 -0.030254
57 49 -0.058069
57 50 -0.046795
57 51 0.103930
57 52 -0.100720
57 53 -0.008425
57 81 0.114065
57 83 0.094068
58 27 0.134899
58 28 -0.009392
58 29 0.020226
58 30 0.003603
58 31 0.027968
58 32 0.036705
58 33 -0.003992
58 34 0.116377
58 35 -0.098620
58 36 0.135112
58 37 -0.045707
58 38 0.097139
58 39 0.004283
58 40 -0.015249
58 41 -0.120614
58 42 -0.003403
58 43 0.126374
58 44 -0.005698
58 45 0.089200
58 46 0.133832
58 47 0.011313
58 48 0.101123
58 49 0.109346
58 50 0.040551
58 51 -0.030654
58 52 0.007752
58 53 0.072958
58 81 -0.111465
58 83 -0.038088
59 27 -0.106004
59 28 -0.003106
59 29 -0.125809
59 30 0.005357
59 31 0.126559
59 32 0.127440
59 33 0.207955
59 34 -0.007418
59 35 0.094771
59 36 -0.227115
59 37 0.045638
59 38 -0.002209
59 39 -0.028673
59 40 0.051203
59 41 0.103094
59 42 0.034887
59 43 -0.189791
59 44 0.043924
59 45 0.020212
59 46 -0.026359
59 47 0.322186
59 48 0.004516
59 49 -0.147619
59 50 -0.193459
59 51 0.281273
59 52 -0.060283
59 53 -0.184556
59 81 0.161399
59 83 0.080814
60 27 -0.058215
60 28 0.086478
60 29 0.005349
60 30 -0.002303
60 31 0.087111
60 32 0.075818
60 33 0.091942
60 34 -0.040217
60 35 0.081388
60 36 -0.081327
60 37 0.097832
60 38 0.080333
60 39 -0.036738
60 40 -0.012641
60 41 -0.085260
60 42 0.019236
60 43 -0.047660
60 44 0.072759
60 45 0.051923
60 46 0.026912
60 47 -0.113810
60 48 0.055120
60 49 -0.009754
60 50 -0.010059
60 51 0.058276
60 52 0.076401
60 53 -0.037589
60 81 0.021608
60 83 -0.049308
61 27 -0.085189
61 28 -0.102164
61 29 -0.058506
61 30 -0.233153
61 31 0.312249
61 32 0.383450
61 33 0.286329
61 34 -0.052174
61 35 0.117431
61 36 -0.240781
61 37 0.056096
61 38 -0.145082
61 39 -0.214438
61 40 0.333449
61 41 0.155425
61 42 0.112765
61 43 -0.227297
61 44 -0.212287
61 45 -0.100968
61 46 -0.087542
61 47 0.466416
61 48 0.039494
61 49 -0.187978
61 50 -0.227117
61 51 0.400810
61 52 -0.283015
61 53 -0.219460
61 81 0.254117
61 83 0.078665
62 27 -0.100391
62 28 -0.096465
62 29 -0.044762
62 30 -0.193485
62 31 0.279456
62 32 0.192449
62 33 0.354365
62 34 -0.143338
62 35 0.132986
62 36 -0.271765
62 37 0.073354
62 38 -0.233335
62 39 -0.171675
62 40 0.297161
62 41 0.055587
62 42 0.220137
62 43 -0.086238
62 44 0.014176
62 45 -0.007692
62 46 -0.127842
62 47 0.454898
62 48 -0.013073
62 49 -0.072112
62 50 -0.175262
62 51 0.252248
62 52 -0.123938
62 53 -0.367609
62 81 0.232709
62 83 -0.054542
63 27 -0.158500
63 28 -0.138112
63 29 -0.101416
63 30 -0.054718
63 31 0.056145
63 32 0.140795
63 33 0.235397
63 34 -0.150253
63 35 0.130038
63 36 -0.221851
63 37 -0.036716
63 38 -0.006023
63 39 0.006807
63 40 0.109065
63 41 0.151675
63 42 0.131887
63 43 -0.152001
63 44 0.019731
63 45 0.025576
63 46 -0.023664
63 47 0.278242
63 48 -0.069118
63 49 0.020627
63 50 -0.091839
63 51 0.177589
63 52 -0.036512
63 53 -0.065286
63 81 0.138968
63 83 0.095238
64 27 0.157835
64 28 -0.100788
64 29 0.009314
64 30 0.145231
64 31 -0.049609
64 32 -0.020933
64 33 0.085973
64 34 -0.021364
64 35 -0.042491
64 36 0.042417
64 37 -0.005382
64 38 0.090321
64 39 0.135710
64 40 0.023058
64 41 -0.041721
64 42 0.030844
64 43 0.121105
64 44 -0.004225
64 45 0.131952
64 46 0.103993
64 47 -0.010838
64 48 0.033911
64 49 -0.091158
64 50 0.166006
64 51 -0.029170
64 52 -0.019717
64 53 0.189458
64 81 -0.128614
64 83 0.099577
65 27 0.103065
65 28 0.142227
65 29 0.183370
65 30 0.067904
65 31 -0.008906
65 32 -0.094969
65 33 -0.061152
65 34 0.084458
65 35 -0.008442
65 36 0.168685
65 37 0.092066
65 38 0.192038
65 39 0.176970
65 40 -0.034756
65 41 0.035826
65 42 0.082309
65 43 0.203385
65 44 0.103133
65 45 0.011009
65 46 0.249738
65 47 -0.033422
65 48 -0.060905
65 49 0.172179
65 50 0.164686
65 51 -0.048795
65 52 0.027455
65 53 0.108966
65 81 -0.198031
65 83 0.099981
66 27 -0.068925
66 28 -0.015875
66 29 -0.010474
66 30 0.061411
66 31 0.000676
66 32 -0.037792
66 33 -0.031498
66 34 0.036882
66 35 0.068595
66 36 0.059918
66 37 -0.051467
66 38 0.057949
66 39 0.020034
66 40 0.033963
66 41 -0.079461
66 42 -0.065153
66 43 0.034453
66 44 0.074967
66 45 0.055775
66 46 -0.086729
66 47 -0.038366
66 48 0.079719
66 49 0.036648
66 50 -0.009072
66 51 -0.068051
66 52 -0.099420
66 53 -0.034023
66 81 0.007027
66 83 0.084703
67 27 0.010805
67 28 0.006816
67 29 -0.020796
67 30 -0.024317
67 31 0.217341
67 32 0.206686
67 33 0.234643
67 34 -0.029159
67 35 0.141686
67 36 -0.106345
67 37 0.043914
67 38 -0.055417
67 39 -0.090393
67 40 0.128895
67 41 0.043283
67 42 0.065153
67 43 -0.250600
67 44 -0.167820
67 45 0.017357
67 46 -0.041368
