3080
0 27 0.717679
0 28 -1.009105
0 29 -0.793987
0 30 -0.069866
0 31 -0.041951
0 32 -0.112913
0 33 -0.911054
0 34 -0.224314
0 35 0.293402
0 36 0.440286
0 37 -0.212813
0 38 -0.715517
0 39 -1.859205
0 40 -1.867672
0 41 -0.859206
0 42 -0.484854
0 43 -0.569241
0 44 0.064083
0 45 0.267997
0 46 -2.109288
0 47 0.488039
0 48 0.846656
0 49 -0.437407
0 50 -2.028406
0 51 -0.308282
0 52 -0.097225
0 53 -0.291199
1 27 -1.629949
1 28 0.873000
1 29 0.400514
1 30 -2.764179
1 31 -1.351946
1 32 -0.003997
1 33 0.339335
1 34 0.616631
1 35 -1.670995
1 36 -0.927062
1 37 -0.542906
1 38 -2.816599
1 39 1.331306
1 40 1.812179
1 41 0.357099
1 42 0.028241
1 43 0.201168
1 44 0.051046
1 45 -0.860939
1 46 1.404362
1 47 -1.381488
1 48 -0.209814
1 49 0.646322
1 50 1.456002
1 51 -1.251436
1 52 0.600007
1 53 0.682986
2 27 -1.160569
2 28 1.002522
2 29 -0.379600
2 30 0.212173
2 31 0.205198
2 32 -2.286417
2 33 -0.202142
2 34 -1.356714
2 35 0.507757
2 36 0.320546
2 37 -1.174271
2 38 0.402079
2 39 -0.592738
2 40 -1.204270
2 41 1.419292
2 42 -1.347001
2 43 -0.236168
2 44 -0.964491
2 45 0.469147
2 46 0.319388
2 47 -0.412185
2 48 -0.370637
2 49 -0.953838
2 50 -0.411974
2 51 -0.030368
2 52 -0.463600
2 53 0.236428
3 27 -0.629612
3 28 -2.700285
3 29 -1.754240
3 30 -0.097752
3 31 -0.657957
3 32 2.113672
3 33 -0.546309
3 34 -0.093497
3 35 -0.687960
3 36 -1.111265
3 37 0.761668
3 38 -1.741739
3 39 0.512013
3 40 0.220742
3 41 -0.488262
3 42 1.565465
3 43 1.817603
3 44 0.421636
3 45 -2.595493
3 46 -1.615378
3 47 0.884698
3 48 -1.375723
3 49 0.237533
3 50 0.120486
3 51 -0.490406
3 52 -1.027955
3 53 -1.234745
4 27 -0.650708
4 28 -3.117192
4 29 -0.858592
4 30 0.621287
4 31 -0.239322
4 32 -0.004817
4 33 0.326581
4 34 0.220438
4 35 0.428924
4 36 -0.286871
4 37 -0.146298
4 38 -0.285515
4 39 -0.393640
4 40 0.553850
4 41 -0.645592
4 42 1.320568
4 43 0.595318
4 44 0.318432
4 45 -2.783749
4 46 0.775152
4 47 -1.319623
4 48 -1.676643
4 49 -0.901184
4 50 -0.588161
4 51 -0.283985
4 52 0.807673
4 53 -1.560800
5 27 1.017021
5 28 -0.311073
5 29 -1.442609
5 30 -2.049652
5 31 1.290815
5 32 0.427666
5 33 -0.857875
5 34 -1.737033
5 35 -0.778114
5 36 0.097343
5 37 -0.556917
5 38 2.037064
5 39 0.561024
5 40 -2.071796
5 41 -1.990285
5 42 -1.540072
5 43 0.160853
5 44 -0.219155
5 45 0.607469
5 46 -0.578319
5 47 -0.198989
5 48 -1.447670
5 49 0.959314
5 50 -0.357806
5 51 0.749461
5 52 0.290812
5 53 0.404592
6 27 0.599610
6 28 -0.999073
6 29 1.465202
6 30 -1.711294
6 31 -0.604083
6 32 -0.476761
6 33 -0.858041
6 34 -0.149140
6 35 -0.441754
6 36 -0.824736
6 37 0.722660
6 38 -0.088341
6 39 -1.170240
6 40 -0.245333
6 41 -1.392633
6 42 0.276393
6 43 -0.225415
6 44 1.186271
6 45 -0.134971
6 46 -0.027497
6 47 -0.004418
6 48 0.428341
6 49 -0.681136
6 50 -0.838243
6 51 -0.997210
6 52 -1.400882
6 53 0.281466
7 27 -0.465169
7 28 -0.757202
7 29 -0.790330
7 30 1.432458
7 31 -0.666018
7 32 -1.096707
7 33 0.331569
7 34 -1.071228
7 35 -0.981759
7 36 0.441393
7 37 -1.414329
7 38 -0.092314
7 39 -0.556727
7 40 -1.679000
7 41 1.800523
7 42 -0.882394
7 43 -1.490654
7 44 -0.598758
7 45 1.258826
7 46 -0.723134
7 47 0.447218
7 48 -0.924212
7 49 -0.314769
7 50 0.705915
7 51 -0.559064
7 52 1.738079
7 53 -1.505418
8 27 -0.827083
8 28 0.752234
8 29 0.402205
8 30 -1.453500
8 31 0.080469
8 32 1.687862
8 33 -0.791475
8 34 -0.369868
8 35 -0.547408
8 36 0.595639
8 37 -0.126127
8 38 -0.712520
8 39 -0.442219
8 40 -1.542023
8 41 -0.208437
8 42 0.084496
8 43 -0.821952
8 44 -1.686494
8 45 -1.484249
8 46 -0.590207
8 47 -0.664341
8 48 2.294876
8 49 -2.779553
8 50 -0.956814
8 51 0.536825
8 52 0.563489
8 53 0.274146
9 27 -0.376472
9 28 -1.853342
9 29 -0.878753
9 30 -0.169691
9 31 -1.319869
9 32 -0.349149
9 33 -0.551909
9 34 -0.427740
9 35 -0.116413
9 36 -1.626281
9 37 -0.655039
9 38 -0.556019
9 39 -1.050911
9 40 -0.346667
9 41 -1.357947
9 42 -1.907119
9 43 -2.306622
9 44 0.126566
9 45 0.468441
9 46 -0.011318
9 47 -0.718666
9 48 -0.603177
9 49 0.902330
9 50 -0.506001
9 51 -1.621935
9 52 -0.785831
9 53 -1.286832
10 27 -1.258180
10 28 -1.544276
10 29 -1.249467
10 30 -0.276604
10 31 -0.637018
10 32 0.213138
10 33 0.652607
10 34 -0.654357
10 35 -1.318299
10 36 -0.655899
10 37 -0.835234
10 38 -0.245405
10 39 -2.019684
10 40 0.610957
10 41 -0.985413
10 42 -0.890305
10 43 -0.916032
10 44 0.498877
10 45 -0.146708
10 46 0.204281
10 47 0.318881
10 48 -0.581612
10 49 -0.046730
10 50 -0.292024
10 51 -0.892296
10 52 -0.691838
10 53 0.352793
11 27 0.338574
11 28 0.673190
11 29 0.662173
11 30 -1.376799
11 31 0.411489
11 32 -1.214926
11 33 -0.692291
11 34 0.412552
11 35 -0.052376
11 36 -2.284789
11 37 -0.013943
11 38 -0.187806
11 39 -1.685784
11 40 -0.778304
11 41 -0.231089
11 42 1.253180
11 43 -0.353996
11 44 -0.648063
11 45 -1.459968
11 46 -0.654106
11 47 -0.151850
11 48 -1.244008
11 49 -0.178812
11 50 0.324248
11 51 1.308441
11 52 1.835404
11 53 -1.018609
12 27 0.575391
12 28 0.008011
12 29 -1.329769
12 30 -0.524920
12 31 0.120732
12 32 0.116757
12 33 -0.629203
12 34 0.359449
12 35 -0.475951
12 36 -0.461140
12 37 -0.134232
12 38 -0.108227
12 39 0.221442
12 40 -1.381527
12 41 0.256127
12 42 -0.039453
12 43 -1.321021
12 44 0.132251
12 45 -1.880780
12 46 0.345220
12 47 -0.406782
12 48 -1.685113
12 49 0.051909
12 50 0.889949
12 51 -0.693679
12 52 0.531085
12 53 -1.625566
13 27 -0.712199
13 28 -1.367104
13 29 1.084481
13 30 1.467886
13 31 -0.469475
13 32 -0.437207
13 33 0.909785
13 34 -0.668208
13 35 0.086109
13 36 -1.898188
13 37 1.607538
13 38 2.967556
13 39 -3.391184
13 40 0.078187
13 41 -1.987032
13 42 -0.918583
13 43 -1.937206
13 44 -0.409532
13 45 1.333947
13 46 0.165288
13 47 -0.698789
13 48 0.489440
13 49 -2.342335
13 50 -0.890937
13 51 -0.150355
13 52 0.040290
13 53 0.374890
14 27 -0.974779
14 28 0.182534
14 29 -0.647380
14 30 -0.964066
14 31 -0.412068
14 32 -0.520757
14 33 -0.578403
14 34 -1.046813
14 35 -0.648544
14 36 -0.743929
14 37 0.350612
14 38 -1.254174
14 39 -0.586526
14 40 -0.903417
14 41 -1.652790
14 42 -0.770503
14 43 -1.129895
14 44 -1.326491
14 45 -0.123278
14 46 0.309244
14 47 0.175774
14 48 -1.057489
14 49 0.075202
14 50 0.511297
14 51 -0.167523
14 52 0.152079
14 53 -0.647121
15 27 -0.488926
15 28 1.692728
15 29 -0.160058
15 30 -0.277397
15 31 0.716358
15 32 1.280661
15 33 0.257805
15 34 -0.967282
15 35 1.152130
15 36 0.322960
15 37 -0.161130
15 38 0.460628
15 39 -0.177531
15 40 0.185875
15 41 0.289310
15 42 -0.004644
15 43 0.020477
15 44 0.834019
15 45 -1.136980
15 46 -0.956218
15 47 0.120067
15 48 -1.434523
15 49 -1.541241
15 50 -0.204184
15 51 -0.089684
15 52 -0.548890
15 53 -0.031788
16 27 -0.519934
16 28 0.073099
16 29 -0.404773
16 30 -0.211699
16 31 0.193336
16 32 0.731117
16 33 0.189887
16 34 -0.307484
16 35 -0.932656
16 36 -1.439472
16 37 0.247142
16 38 -0.713986
16 39 0.200684
16 40 0.395040
16 41 -0.504032
16 42 -0.677022
16 43 -0.406923
16 44 -0.621601
16 45 0.483417
16 46 -2.394053
16 47 -0.342558
16 48 -2.629058
16 49 0.277876
16 50 0.048466
16 51 -0.010683
16 52 0.083569
16 53 -0.885694
17 27 0.935802
17 28 -1.307065
17 29 -0.714284
17 30 0.541091
17 31 0.229451
17 32 -1.090621
17 33 -1.120207
17 34 1.939353
17 35 0.828699
17 36 2.032793
17 37 0.513244
17 38 -2.164585
17 39 -0.007948
17 40 -1.238542
17 41 1.177142
17 42 0.816997
17 43 0.007819
17 44 0.807980
17 45 0.202525
17 46 1.668783
17 47 -0.044366
17 48 0.804814
17 49 -0.675126
17 50 -1.695606
17 51 -0.482882
17 52 -0.523191
17 53 -0.513340
18 27 -0.856780
18 28 -0.266651
18 29 -0.782579
18 30 -1.008844
18 31 -0.122985
18 32 -0.119469
18 33 0.571996
18 34 -1.051547
18 35 -0.862335
18 36 -0.710713
18 37 -0.468617
18 38 -0.022140
18 39 -0.318865
18 40 1.713431
18 41 0.004578
18 42 0.570260
18 43 -0.836307
18 44 -0.467076
18 45 -1.408304
18 46 1.010031
18 47 -0.020657
18 48 -0.697183
18 49 0.139985
18 50 1.525195
18 51 -0.565502
18 52 -0.915273
18 53 -0.131124
19 27 0.064335
19 28 -1.474735
19 29 -0.129627
19 30 -0.344188
19 31 -0.093489
19 32 1.694251
19 33 0.672440
19 34 1.155686
19 35 -0.695338
19 36 -0.391489
19 37 -0.035853
19 38 0.367600
19 39 -1.432932
19 40 0.654748
19 41 0.919709
19 42 0.809187
19 43 -1.135229
19 44 0.929478
19 45 -1.481850
19 46 -1.869429
19 47 0.186530
19 48 -0.406909
19 49 0.919425
19 50 -1.248353
19 51 0.114500
19 52 -1.362054
19 53 -0.971566
20 27 0.698366
20 28 2.359644
20 29 0.516200
20 30 -0.914893
20 31 -0.129947
20 32 1.020216
20 33 -0.790661
20 34 -0.569793
20 35 -0.424639
20 36 0.835912
20 37 -1.376482
20 38 -1.318705
20 39 -1.034213
20 40 -1.106011
20 41 -0.094630
20 42 -1.376753
20 43 -1.781979
20 44 -0.834225
20 45 1.317676
20 46 -1.416133
20 47 0.880464
20 48 0.355655
20 49 1.571463
20 50 -0.952749
20 51 -0.086529
20 52 -0.365542
20 53 0.883532
21 27 -0.712796
21 28 -0.840773
21 29 -1.092527
21 30 0.902194
21 31 0.923705
21 32 -0.881475
21 33 -0.846588
21 34 0.160550
21 35 0.072795
21 36 -0.089963
21 37 -0.330916
21 38 -1.057085
21 39 2.642874
21 40 -0.908040
21 41 0.604655
21 42 -0.185455
21 43 0.784616
21 44 -1.200455
21 45 -1.082821
21 46 0.239121
21 47 -0.112944
21 48 -1.880717
21 49 -0.580347
21 50 0.138060
21 51 0.530748
21 52 1.767621
21 53 -1.307177
22 27 -0.624664
22 28 -0.418567
22 29 -0.351343
22 30 -0.652708
22 31 -0.346264
22 32 -0.417526
22 33 -0.286457
22 34 -0.268834
22 35 -0.348731
22 36 -1.049668
22 37 -0.528405
22 38 -1.478756
22 39 -0.327313
22 40 -0.241152
22 41 -0.825513
22 42 -0.968484
22 43 -0.420239
22 44 0.388321
22 45 0.679438
22 46 0.760306
22 47 -0.409846
22 48 -0.616616
22 49 0.204264
22 50 -0.259105
22 51 -0.281661
22 52 -0.626654
22 53 -0.086974
23 27 -0.034300
23 28 2.498529
23 29 0.372275
23 30 -0.991588
23 31 -0.448864
23 32 -0.096514
23 33 -0.453037
23 34 0.712216
23 35 0.514959
23 36 -0.643357
23 37 2.049118
23 38 0.702823
23 39 0.670446
23 40 -0.770892
23 41 -0.347139
23 42 0.645301
23 43 0.224892
23 44 -1.209118
23 45 0.528297
23 46 -0.851422
23 47 -0.369382
23 48 3.332611
23 49 -0.276872
23 50 0.784865
23 51 0.054141
23 52 1.565601
23 53 0.169924
24 27 -0.833377
24 28 0.263427
24 29 1.472638
24 30 2.789479
24 31 1.446262
24 32 -0.979813
24 33 -0.351007
24 34 -0.544250
24 35 0.041538
24 36 -0.402155
24 37 0.437382
24 38 -1.287202
24 39 -0.829341
24 40 0.537704
24 41 -2.749751
24 42 -1.387599
24 43 0.241008
24 44 -0.263343
24 45 1.661073
24 46 0.487538
24 47 0.228945
24 48 -0.437045
24 49 -1.558614
24 50 -0.793667
24 51 0.711237
24 52 -0.057455
24 53 0.587985
25 27 0.482104
25 28 -0.508781
25 29 -0.070721
25 30 -0.539538
25 31 -0.290294
25 32 0.907269
25 33 0.874984
25 34 0.035676
25 35 0.123933
25 36 1.477224
25 37 -0.986557
25 38 1.131640
25 39 -0.708977
25 40 0.167477
25 41 -0.092111
25 42 -0.431146
25 43 1.005247
25 44 0.239059
25 45 -1.262407
25 46 -0.875164
25 47 -0.412134
25 48 0.088939
25 49 -1.578718
25 50 -0.074955
25 51 -0.183546
25 52 -1.187539
25 53 0.431352
26 27 0.555087
26 28 -1.456497
26 29 0.218241
26 30 -0.052130
26 31 -0.447068
26 32 -1.518392
26 33 -0.784555
26 34 -0.418124
26 35 0.809310
26 36 3.201699
26 37 0.488098
26 38 1.711965
26 39 -0.294574
26 40 -1.028291
26 41 0.359845
26 42 1.226523
26 43 0.794318
26 44 -0.358856
26 45 -1.179949
26 46 0.964545
26 47 -0.313330
26 48 1.833316
26 49 -1.303676
26 50 -1.430697
26 51 -0.531738
26 52 -0.415585
26 53 0.598729
27 0 0.717679
27 1 -1.629949
27 2 -1.160569
27 3 -0.629612
27 4 -0.650708
27 5 1.017021
27 6 0.599610
27 7 -0.465169
27 8 -0.827083
27 9 -0.376472
27 10 -1.258180
27 11 0.338574
27 12 0.575391
27 13 -0.712199
27 14 -0.974779
27 15 -0.488926
27 16 -0.519934
27 17 0.935802
27 18 -0.856780
27 19 0.064335
27 20 0.698366
27 21 -0.712796
27 22 -0.624664
27 23 -0.034300
27 24 -0.833377
27 25 0.482104
27 26 0.555087
27 54 0.649131
27 55 0.453622
27 56 -0.139943
27 57 -0.207103
27 58 -0.231993
27 59 -1.033133
27 60 -0.036617
27 61 0.659573
27 62 0.035341
27 63 0.018859
27 64 0.216767
27 65 0.033817
27 66 -0.321067
27 67 -0.026514
27 68 -0.202382
27 69 0.057644
27 70 -0.213806
27 71 -0.116309
27 72 0.548236
27 73 -0.640879
27 74 -0.364985
27 75 0.853374
27 76 0.510919
27 77 0.585258
27 78 -0.163486
27 79 0.468092
27 80 -0.149500
27 82 0.009123
28 0 -1.009105
28 1 0.873000
28 2 1.002522
28 3 -2.700285
28 4 -3.117192
28 5 -0.311073
28 6 -0.999073
28 7 -0.757202
28 8 0.752234
28 9 -1.853342
28 10 -1.544276
28 11 0.673190
28 12 0.008011
28 13 -1.367104
28 14 0.182534
28 15 1.692728
28 16 0.073099
28 17 -1.307065
28 18 -0.266651
28 19 -1.474735
28 20 2.359644
28 21 -0.840773
28 22 -0.418567
28 23 2.498529
28 24 0.263427
28 25 -0.508781
28 26 -1.456497
28 54 -0.455731
28 55 0.034883
28 56 -0.888091
28 57 0.198316
28 58 0.008334
28 59 -1.207896
28 60 -0.337196
28 61 -0.376755
28 62 -0.202159
28 63 -0.145592
28 64 -0.096396
28 65 0.019017
28 66 -0.392472
28 67 -1.044310
28 68 0.342201
28 69 0.174508
28 70 -0.716811
28 71 -0.129161
28 72 -0.232971
28 73 -0.643477
28 74 -0.121434
28 75 -0.081225
28 76 0.090374
28 77 0.046670
28 78 -0.141524
28 79 -0.084982
28 80 -0.052343
28 82 -0.044054
29 0 -0.793987
29 1 0.400514
29 2 -0.379600
29 3 -1.754240
29 4 -0.858592
29 5 -1.442609
29 6 1.465202
29 7 -0.790330
29 8 0.402205
29 9 -0.878753
29 10 -1.249467
29 11 0.662173
29 12 -1.329769
29 13 1.084481
29 14 -0.647380
29 15 -0.160058
29 16 -0.404773
29 17 -0.714284
29 18 -0.782579
29 19 -0.129627
29 20 0.516200
29 21 -1.092527
29 22 -0.351343
29 23 0.372275
29 24 1.472638
29 25 -0.070721
29 26 0.218241
29 54 -0.043485
29 55 0.333527
29 56 -0.433586
29 57 -0.148766
29 58 -0.348184
29 59 -0.549328
29 60 -0.288781
29 61 0.030067
29 62 -0.041789
29 63 0.065191
29 64 0.035025
29 65 -0.053145
29 66 -0.363873
29 67 0.485319
29 68 -0.305126
29 69 0.103379
29 70 -0.177919
29 71 -0.152305
29 72 0.034139
29 73 -0.679383
29 74 -0.471468
29 75 0.260709
29 76 -0.126923
29 77 0.353862
29 78 -0.490505
29 79 0.241114
29 80 -0.106534
29 82 -0.040150
30 0 -0.069866
30 1 -2.764179
30 2 0.212173
30 3 -0.097752
30 4 0.621287
30 5 -2.049652
30 6 -1.711294
30 7 1.432458
30 8 -1.453500
30 9 -0.169691
30 10 -0.276604
30 11 -1.376799
30 12 -0.524920
30 13 1.467886
30 14 -0.964066
30 15 -0.277397
30 16 -0.211699
30 17 0.541091
30 18 -1.008844
30 19 -0.344188
30 20 -0.914893
30 21 0.902194
30 22 -0.652708
30 23 -0.991588
30 24 2.789479
30 25 -0.539538
30 26 -0.052130
30 54 0.194686
30 55 0.417454
30 56 -0.514460
30 57 -0.090660
30 58 -0.049833
30 59 -0.952890
30 60 -0.116260
30 61 0.016979
30 62 -0.059698
30 63 0.403451
30 64 -0.037706
30 65 0.139933
30 66 -0.340531
30 67 -0.481877
30 68 -0.334084
30 69 0.619112
30 70 -0.362063
30 71 0.053785
30 72 0.006755
30 73 -0.707052
30 74 -0.314656
30 75 0.797620
30 76 0.018395
30 77 0.404303
30 78 -0.496848
30 79 0.388574
30 80 0.032991
30 82 0.099211
31 0 -0.041951
31 1 -1.351946
31 2 0.205198
31 3 -0.657957
31 4 -0.239322
31 5 1.290815
31 6 -0.604083
31 7 -0.666018
31 8 0.080469
31 9 -1.319869
31 10 -0.637018
31 11 0.411489
31 12 0.120732
31 13 -0.469475
31 14 -0.412068
31 15 0.716358
31 16 0.193336
31 17 0.229451
31 18 -0.122985
31 19 -0.093489
31 20 -0.129947
31 21 0.923705
31 22 -0.346264
31 23 -0.448864
31 24 1.446262
31 25 -0.290294
31 26 -0.447068
31 54 0.073157
31 55 0.189731
31 56 -0.382276
31 57 0.024208
31 58 -0.045590
31 59 -0.671483
31 60 -0.041779
31 61 0.015811
31 62 -0.111782
31 63 -0.044013
31 64 -0.045390
31 65 -0.059894
31 66 -0.061766
31 67 -0.197646
31 68 -0.149136
31 69 -0.002532
31 70 -0.371372
31 71 -0.073765
31 72 0.035060
31 73 -0.435432
31 74 -0.168523
31 75 0.196122
31 76 0.107493
31 77 0.212047
31 78 -0.358222
31 79 0.144115
31 80 -0.065731
31 82 0.086114
32 0 -0.112913
32 1 -0.003997
32 2 -2.286417
32 3 2.113672
32 4 -0.004817
32 5 0.427666
32 6 -0.476761
32 7 -1.096707
32 8 1.687862
32 9 -0.349149
32 10 0.213138
32 11 -1.214926
32 12 0.116757
32 13 -0.437207
32 14 -0.520757
32 15 1.280661
32 16 0.731117
32 17 -1.090621
32 18 -0.119469
32 19 1.694251
32 20 1.020216
32 21 -0.881475
32 22 -0.417526
32 23 -0.096514
32 24 -0.979813
32 25 0.907269
32 26 -1.518392
32 54 0.289307
32 55 0.007510
32 56 -0.281708
32 57 0.216579
32 58 0.246914
32 59 0.532903
32 60 -0.065548
32 61 0.239775
32 62 -0.026310
32 63 -0.133895
32 64 -0.087896
32 65 -0.163887
32 66 0.429499
32 67 -0.408224
32 68 0.204985
32 69 -0.947980
32 70 -0.370359
32 71 0.188084
32 72 -0.434735
32 73 0.843513
32 74 0.781601
32 75 -0.711296
32 76 0.010939
32 77 0.006334
32 78 0.750087
32 79 -0.007664
32 80 0.055786
32 82 -0.017403
33 0 -0.911054
33 1 0.339335
33 2 -0.202142
33 3 -0.546309
33 4 0.326581
33 5 -0.857875
33 6 -0.858041
33 7 0.331569
33 8 -0.791475
33 9 -0.551909
33 10 0.652607
33 11 -0.692291
33 12 -0.629203
33 13 0.909785
33 14 -0.578403
33 15 0.257805
33 16 0.189887
33 17 -1.120207
33 18 0.571996
33 19 0.672440
33 20 -0.790661
33 21 -0.846588
33 22 -0.286457
33 23 -0.453037
33 24 -0.351007
33 25 0.874984
33 26 -0.784555
33 54 0.218360
33 55 0.317303
33 56 -0.036743
33 57 -0.062405
33 58 -0.237152
33 59 -0.666116
33 60 -0.174394
33 61 0.369238
33 62 -0.060629
33 63 0.295833
33 64 0.086256
33 65 0.001938
33 66 -0.074160
33 67 0.135209
33 68 -0.145850
33 69 -0.065118
33 70 -0.047107
33 71 -0.081133
33 72 0.284189
33 73 -0.472976
33 74 -0.333198
33 75 0.435376
33 76 0.343282
33 77 0.412853
33 78 -0.211036
33 79 0.159156
33 80 -0.094317
33 82 0.076240
34 0 -0.224314
34 1 0.616631
34 2 -1.356714
34 3 -0.093497
34 4 0.220438
34 5 -1.737033
34 6 -0.149140
34 7 -1.071228
34 8 -0.369868
34 9 -0.427740
34 10 -0.654357
34 11 0.412552
34 12 0.359449
34 13 -0.668208
34 14 -1.046813
34 15 -0.967282
34 16 -0.307484
34 17 1.939353
34 18 -1.051547
34 19 1.155686
34 20 -0.569793
34 21 0.160550
34 22 -0.268834
34 23 0.712216
34 24 -0.544250
34 25 0.035676
34 26 -0.418124
34 54 0.092669
34 55 0.199340
34 56 -0.332824
34 57 -0.068351
34 58 -0.237386
34 59 -0.739470
34 60 -0.083961
34 61 0.136614
34 62 0.017091
34 63 -0.142073
34 64 -0.082566
34 65 0.025106
34 66 -0.102017
34 67 -0.370616
34 68 -0.014918
34 69 0.163373
34 70 -0.262176
34 71 0.047096
34 72 0.247592
34 73 -0.500364
34 74 -0.531544
34 75 0.321294
34 76 0.000874
34 77 0.181161
34 78 -0.325975
34 79 0.209953
34 80 -0.086241
34 82 -0.034631
35 0 0.293402
35 1 -1.670995
35 2 0.507757
35 3 -0.687960
35 4 0.428924
35 5 -0.778114
35 6 -0.441754
35 7 -0.981759
35 8 -0.547408
35 9 -0.116413
35 10 -1.318299
35 11 -0.052376
35 12 -0.475951
35 13 0.086109
35 14 -0.648544
35 15 1.152130
35 16 -0.932656
35 17 0.828699
35 18 -0.862335
35 19 -0.695338
35 20 -0.424639
35 21 0.072795
35 22 -0.348731
35 23 0.514959
35 24 0.041538
35 25 0.123933
35 26 0.809310
35 54 0.417980
35 55 0.138627
35 56 -0.210111
35 57 -0.033804
35 58 -0.160998
35 59 -0.752473
35 60 -0.087938
35 61 0.091082
35 62 0.014107
35 63 0.331016
35 64 0.142042
35 65 -0.023780
35 66 -0.036316
35 67 -0.288529
35 68 -0.142157
35 69 0.506107
35 70 -0.151342
35 71 0.009596
35 72 0.389537
35 73 -0.467414
35 74 -0.248274
35 75 0.633622
35 76 0.111409
35 77 0.464482
35 78 -0.196204
35 79 0.404576
35 80 -0.136988
35 82 0.094167
36 0 0.440286
36 1 -0.927062
36 2 0.320546
36 3 -1.111265
36 4 -0.286871
36 5 0.097343
36 6 -0.824736
36 7 0.441393
36 8 0.595639
36 9 -1.626281
36 10 -0.655899
36 11 -2.284789
36 12 -0.461140
36 13 -1.898188
36 14 -0.743929
36 15 0.322960
36 16 -1.439472
36 17 2.032793
36 18 -0.710713
36 19 -0.391489
36 20 0.835912
36 21 -0.089963
36 22 -1.049668
36 23 -0.643357
36 24 -0.402155
36 25 1.477224
36 26 3.201699
36 54 0.218164
36 55 0.172601
36 56 -0.496877
36 57 -0.130067
36 58 -0.240105
36 59 -1.031886
36 60 -0.054382
36 61 0.079569
36 62 -0.141094
36 63 -0.028399
36 64 0.028601
36 65 -0.046361
36 66 -0.383271
36 67 -0.518221
36 68 -0.168248
36 69 0.309907
36 70 -0.377122
36 71 -0.095109
36 72 0.294756
36 73 -0.570472
36 74 -0.483781
36 75 0.328197
36 76 0.053761
36 77 0.252533
36 78 -0.515795
36 79 0.286934
36 80 0.015919
36 82 -0.056510
37 0 -0.212813
37 1 -0.542906
37 2 -1.174271
37 3 0.761668
37 4 -0.146298
37 5 -0.556917
37 6 0.722660
37 7 -1.414329
37 8 -0.126127
37 9 -0.655039
37 10 -0.835234
37 11 -0.013943
37 12 -0.134232
37 13 1.607538
37 14 0.350612
37 15 -0.161130
37 16 0.247142
37 17 0.513244
37 18 -0.468617
37 19 -0.035853
37 20 -1.376482
37 21 -0.330916
37 22 -0.528405
37 23 2.049118
37 24 0.437382
37 25 -0.986557
37 26 0.488098
37 54 -0.179584
37 55 0.034056
37 56 -0.498028
37 57 -0.135603
37 58 -0.035720
37 59 -0.786057
37 60 -0.206179
37 61 0.181283
37 62 -0.108382
37 63 0.088064
37 64 -0.075713
37 65 0.077161
37 66 0.038047
37 67 0.436814
37 68 -0.169568
37 69 -0.131632
37 70 -0.276717
37 71 -0.036199
37 72 0.216689
37 73 -0.432636
37 74 -0.132304
37 75 0.338528
37 76 -0.150994
37 77 0.187030
37 78 -0.546466
37 79 0.143735
37 80 -0.002554
37 82 -0.081425
38 0 -0.715517
38 1 -2.816599
38 2 0.402079
38 3 -1.741739
38 4 -0.285515
38 5 2.037064
38 6 -0.088341
38 7 -0.092314
38 8 -0.712520
38 9 -0.556019
38 10 -0.245405
38 11 -0.187806
38 12 -0.108227
38 13 2.967556
38 14 -1.254174
38 15 0.460628
38 16 -0.713986
38 17 -2.164585
38 18 -0.022140
38 19 0.367600
38 20 -1.318705
38 21 -1.057085
38 22 -1.478756
38 23 0.702823
38 24 -1.287202
38 25 1.131640
38 26 1.711965
38 54 -0.005415
38 55 0.177314
38 56 -0.428038
38 57 -0.153668
38 58 -0.203044
38 59 -1.276263
38 60 -0.247475
38 61 -0.061856
38 62 0.028756
38 63 -0.060233
38 64 -0.019936
38 65 0.063871
38 66 -0.004736
38 67 -0.364597
38 68 0.140647
38 69 0.173465
38 70 -0.075187
38 71 -0.032680
38 72 -0.032039
38 73 -0.179677
38 74 -0.139923
38 75 0.132023
38 76 -0.046011
38 77 0.120373
38 78 -0.530462
38 79 0.211772
38 80 0.034550
38 82 0.097622
39 0 -1.859205
39 1 1.331306
39 2 -0.592738
39 3 0.512013
39 4 -0.393640
39 5 0.561024
39 6 -1.170240
39 7 -0.556727
39 8 -0.442219
39 9 -1.050911
39 10 -2.019684
39 11 -1.685784
39 12 0.221442
39 13 -3.391184
39 14 -0.586526
39 15 -0.177531
39 16 0.200684
39 17 -0.007948
39 18 -0.318865
39 19 -1.432932
39 20 -1.034213
39 21 2.642874
39 22 -0.327313
39 23 0.670446
39 24 -0.829341
39 25 -0.708977
39 26 -0.294574
39 54 -0.087497
39 55 0.191138
39 56 -0.939005
39 57 -0.086492
39 58 -0.085988
39 59 -1.057205
39 60 -0.272931
39 61 0.406189
39 62 -0.073623
39 63 0.194263
39 64 -0.064433
39 65 0.110825
39 66 -0.409802
39 67 -0.905496
39 68 0.137006
39 69 -0.092437
39 70 -0.488823
39 71 0.008671
39 72 0.378834
39 73 -0.108507
39 74 -0.516694
39 75 0.348147
39 76 0.006098
39 77 0.139645
39 78 -0.624163
39 79 0.092752
39 80 -0.086311
39 82 0.071999
40 0 -1.867672
40 1 1.812179
40 2 -1.204270
40 3 0.220742
40 4 0.553850
40 5 -2.071796
40 6 -0.245333
40 7 -1.679000
40 8 -1.542023
40 9 -0.346667
40 10 0.610957
40 11 -0.778304
40 12 -1.381527
40 13 0.078187
40 14 -0.903417
40 15 0.185875
40 16 0.395040
40 17 -1.238542
40 18 1.713431
40 19 0.654748
40 20 -1.106011
40 21 -0.908040
40 22 -0.241152
40 23 -0.770892
40 24 0.537704
40 25 0.167477
40 26 -1.028291
40 54 0.191079
40 55 0.316648
40 56 -0.592680
40 57 -0.270906
40 58 -0.113614
40 59 -0.817637
40 60 -0.015029
40 61 0.644105
40 62 -0.006887
40 63 0.332684
40 64 0.149780
40 65 0.046015
40 66 -0.340613
40 67 -0.135491
40 68 -0.249085
40 69 -0.553371
40 70 -0.426226
40 71 -0.248827
40 72 0.300783
40 73 -0.430266
40 74 -0.453197
40 75 0.489303
40 76 0.284415
40 77 0.537763
40 78 -0.497984
40 79 0.382717
40 80 -0.032673
40 82 0.099194
41 0 -0.859206
41 1 0.357099
41 2 1.419292
41 3 -0.488262
41 4 -0.645592
41 5 -1.990285
41 6 -1.392633
41 7 1.800523
41 8 -0.208437
41 9 -1.357947
41 10 -0.985413
41 11 -0.231089
41 12 0.256127
41 13 -1.987032
41 14 -1.652790
41 15 0.289310
41 16 -0.504032
41 17 1.177142
41 18 0.004578
41 19 0.919709
41 20 -0.094630
41 21 0.604655
41 22 -0.825513
41 23 -0.347139
41 24 -2.749751
41 25 -0.092111
41 26 0.359845
41 54 0.263043
41 55 0.306307
41 56 -0.604199
41 57 -0.018973
41 58 -0.126139
41 59 -1.155312
41 60 -0.134238
41 61 0.000512
41 62 -0.049644
41 63 -0.047765
41 64 -0.014576
41 65 0.137808
41 66 -0.388266
41 67 -0.770020
41 68 0.044971
41 69 0.266125
41 70 -0.506159
41 71 -0.013492
41 72 -0.005130
41 73 -0.480206
41 74 -0.502328
41 75 0.513484
41 76 -0.012559
41 77 0.256969
41 78 -0.533206
41 79 0.241294
41 80 0.041171
41 82 -0.067201
42 0 -0.484854
42 1 0.028241
42 2 -1.347001
42 3 1.565465
42 4 1.320568
42 5 -1.540072
42 6 0.276393
42 7 -0.882394
42 8 0.084496
42 9 -1.907119
42 10 -0.890305
42 11 1.253180
42 12 -0.039453
42 13 -0.918583
42 14 -0.770503
42 15 -0.004644
42 16 -0.677022
42 17 0.816997
42 18 0.570260
42 19 0.809187
42 20 -1.376753
42 21 -0.185455
42 22 -0.968484
42 23 0.645301
42 24 -1.387599
42 25 -0.431146
42 26 1.226523
42 54 0.231608
42 55 0.377708
42 56 -0.557733
42 57 -0.135284
42 58 -0.273178
42 59 -1.004960
42 60 -0.141189
42 61 0.170378
42 62 0.013724
42 63 0.073702
42 64 0.012437
42 65 0.053183
42 66 -0.301303
42 67 0.161506
42 68 -0.135487
42 69 -0.128278
42 70 -0.459591
42 71 -0.178705
42 72 0.193735
42 73 -0.296244
42 74 -0.500016
42 75 0.463149
42 76 0.248346
42 77 0.223791
42 78 -0.584136
42 79 0.117684
42 80 -0.063055
42 82 -0.058795
43 0 -0.569241
43 1 0.201168
43 2 -0.236168
43 3 1.817603
43 4 0.595318
43 5 0.160853
43 6 -0.225415
43 7 -1.490654
43 8 -0.821952
43 9 -2.306622
43 10 -0.916032
43 11 -0.353996
43 12 -1.321021
43 13 -1.937206
43 14 -1.129895
43 15 0.020477
43 16 -0.406923
43 17 0.007819
43 18 -0.836307
43 19 -1.135229
43 20 -1.781979
43 21 0.784616
43 22 -0.420239
43 23 0.224892
43 24 0.241008
43 25 1.005247
43 26 0.794318
43 54 0.214511
43 55 -0.028318
43 56 -0.667746
43 57 -0.166221
43 58 -0.195868
43 59 -1.312933
43 60 -0.009380
43 61 0.155372
43 62 0.044104
43 63 -0.111088
43 64 0.067701
43 65 -0.003843
43 66 -0.286791
43 67 -0.183637
43 68 -0.110848
43 69 -0.282392
43 70 -0.554470
43 71 -0.114135
43 72 -0.164392
43 73 -0.672161
43 74 -0.530999
43 75 0.150153
43 76 0.200614
43 77 0.175721
43 78 -0.811437
43 79 0.133554
43 80 -0.094060
43 82 0.057292
44 0 0.064083
44 1 0.051046
44 2 -0.964491
44 3 0.421636
44 4 0.318432
44 5 -0.219155
44 6 1.186271
44 7 -0.598758
44 8 -1.686494
44 9 0.126566
44 10 0.498877
44 11 -0.648063
44 12 0.132251
44 13 -0.409532
44 14 -1.326491
44 15 0.834019
44 16 -0.621601
44 17 0.807980
44 18 -0.467076
44 19 0.929478
44 20 -0.834225
44 21 -1.200455
44 22 0.388321
44 23 -1.209118
44 24 -0.263343
44 25 0.239059
44 26 -0.358856
44 54 -0.429194
44 55 -0.211722
44 56 -0.137960
44 57 0.181819
44 58 0.472816
44 59 0.471928
44 60 -0.006671
44 61 -0.289189
44 62 0.123273
44 63 -0.101774
44 64 0.052233
44 65 -0.016026
44 66 0.391086
44 67 -0.406349
44 68 0.115810
44 69 -0.916049
44 70 0.090598
44 71 0.337686
44 72 0.235474
44 73 0.702721
44 74 0.702634
44 75 0.254501
44 76 -0.196045
44 77 -0.122386
44 78 0.292012
44 79 -0.108452
44 80 0.219018
44 82 0.040155
45 0 0.267997
45 1 -0.860939
45 2 0.469147
45 3 -2.595493
45 4 -2.783749
45 5 0.607469
45 6 -0.134971
45 7 1.258826
45 8 -1.484249
45 9 0.468441
45 10 -0.146708
45 11 -1.459968
45 12 -1.880780
45 13 1.333947
45 14 -0.123278
45 15 -1.136980
45 16 0.483417
45 17 0.202525
45 18 -1.408304
45 19 -1.481850
45 20 1.317676
45 21 -1.082821
45 22 0.679438
45 23 0.528297
45 24 1.661073
45 25 -1.262407
45 26 -1.179949
45 54 -0.281445
45 55 -0.133552
45 56 1.128561
45 57 0.390924
45 58 -0.356418
45 59 0.429666
45 60 0.072176
45 61 0.063552
45 62 0.066702
45 63 -0.003058
45 64 -0.007545
45 65 -0.074843
45 66 0.451384
45 67 0.446468
45 68 0.408399
45 69 -0.046005
45 70 0.320758
45 71 -0.230313
45 72 -0.521862
45 73 0.211085
45 74 0.908577
45 75 -0.148393
45 76 -0.439088
45 77 -0.149423
45 78 0.931707
45 79 -0.092498
45 80 -0.098975
45 82 0.066755
46 0 -2.109288
46 1 1.404362
46 2 0.319388
46 3 -1.615378
46 4 0.775152
46 5 -0.578319
46 6 -0.027497
46 7 -0.723134
46 8 -0.590207
46 9 -0.011318
46 10 0.204281
46 11 -0.654106
46 12 0.345220
46 13 0.165288
46 14 0.309244
46 15 -0.956218
46 16 -2.394053
46 17 1.668783
46 18 1.010031
46 19 -1.869429
46 20 -1.416133
46 21 0.239121
46 22 0.760306
46 23 -0.851422
46 24 0.487538
46 25 -0.875164
46 26 0.964545
46 54 0.002289
46 55 -0.185256
46 56 -0.003074
46 57 -0.016563
46 58 0.536969
46 59 0.582881
46 60 0.424770
46 61 -0.232199
46 62 0.128426
46 63 0.022722
46 64 0.002379
46 65 -0.140870
46 66 0.498731
46 67 -0.791119
46 68 0.426703
46 69 0.124092
46 70 -0.142308
46 71 0.183082
46 72 -0.115582
46 73 1.373080
46 74 0.618841
46 75 -0.105285
46 76 -0.356611
46 77 -0.024118
46 78 0.388092
46 79 -0.000671
46 80 0.143700
46 82 0.092741
47 0 0.488039
47 1 -1.381488
47 2 -0.412185
47 3 0.884698
47 4 -1.319623
47 5 -0.198989
47 6 -0.004418
47 7 0.447218
47 8 -0.664341
47 9 -0.718666
47 10 0.318881
47 11 -0.151850
47 12 -0.406782
47 13 -0.698789
47 14 0.175774
47 15 0.120067
47 16 -0.342558
47 17 -0.044366
47 18 -0.020657
47 19 0.186530
47 20 0.880464
47 21 -0.112944
47 22 -0.409846
47 23 -0.369382
47 24 0.228945
47 25 -0.412134
47 26 -0.313330
47 54 0.434367
47 55 0.311965
47 56 -0.204446
47 57 -0.067466
47 58 -0.177415
47 59 -0.329696
47 60 -0.093620
47 61 0.487629
47 62 0.004375
47 63 0.169259
47 64 0.074176
47 65 0.090242
47 66 -0.155631
47 67 -0.396793
47 68 -0.155083
47 69 0.486975
47 70 -0.145599
47 71 -0.014359
47 72 0.186678
47 73 -0.236595
47 74 -0.280381
47 75 0.523350
47 76 0.104634
47 77 0.435357
47 78 -0.247202
47 79 0.356926
47 80 0.070768
47 82 -0.047295
48 0 0.846656
48 1 -0.209814
48 2 -0.370637
48 3 -1.375723
48 4 -1.676643
48 5 -1.447670
48 6 0.428341
48 7 -0.924212
48 8 2.294876
48 9 -0.603177
48 10 -0.581612
48 11 -1.244008
48 12 -1.685113
48 13 0.489440
48 14 -1.057489
48 15 -1.434523
48 16 -2.629058
48 17 0.804814
48 18 -0.697183
48 19 -0.406909
48 20 0.355655
48 21 -1.880717
48 22 -0.616616
48 23 3.332611
48 24 -0.437045
48 25 0.088939
48 26 1.833316
48 54 -0.121457
48 55 0.099577
48 56 -0.554489
48 57 -0.304844
48 58 0.200828
48 59 -1.537821
48 60 0.177834
48 61 -0.122990
48 62 0.076860
48 63 -0.049119
48 64 -0.019825
48 65 0.038080
48 66 -0.160026
48 67 -0.425689
48 68 -0.205241
48 69 0.075740
48 70 -0.382868
48 71 0.074302
48 72 -0.145859
48 73 -0.378716
48 74 -0.350772
48 75 -0.116319
48 76 -0.176596
48 77 0.015577
48 78 -0.462071
48 79 -0.010761
48 80 0.047965
48 82 0.060520
49 0 -0.437407
49 1 0.646322
49 2 -0.953838
49 3 0.237533
49 4 -0.901184
49 5 0.959314
49 6 -0.681136
49 7 -0.314769
49 8 -2.779553
49 9 0.902330
49 10 -0.046730
49 11 -0.178812
49 12 0.051909
49 13 -2.342335
49 14 0.075202
49 15 -1.541241
49 16 0.277876
49 17 -0.675126
49 18 0.139985
49 19 0.919425
49 20 1.571463
49 21 -0.580347
49 22 0.204264
49 23 -0.276872
49 24 -1.558614
49 25 -1.578718
49 26 -1.303676
49 54 0.341496
49 55 0.452692
49 56 -0.294101
49 57 -0.087912
49 58 -0.112677
49 59 -0.678584
49 60 -0.146374
49 61 0.683821
49 62 -0.134946
49 63 -0.201469
49 64 -0.065101
49 65 0.033230
49 66 -0.202209
49 67 -0.615451
49 68 -0.060465
49 69 0.587034
49 70 -0.455553
49 71 -0.097867
49 72 0.506756
49 73 -0.248487
49 74 -0.324598
49 75 0.824512
49 76 0.303319
49 77 0.394492
49 78 -0.220257
49 79 0.209682
49 80 -0.040352
49 82 0.057194
50 0 -2.028406
50 1 1.456002
50 2 -0.411974
50 3 0.120486
50 4 -0.588161
50 5 -0.357806
50 6 -0.838243
50 7 0.705915
50 8 -0.956814
50 9 -0.506001
50 10 -0.292024
50 11 0.324248
50 12 0.889949
50 13 -0.890937
50 14 0.511297
50 15 -0.204184
50 16 0.048466
50 17 -1.695606
50 18 1.525195
50 19 -1.248353
50 20 -0.952749
50 21 0.138060
50 22 -0.259105
50 23 0.784865
50 24 -0.793667
50 25 -0.074955
50 26 -1.430697
50 54 0.147538
50 55 0.037618
50 56 -0.784287
50 57 -0.072133
50 58 -0.019875
50 59 -0.548850
50 60 0.028535
50 61 0.393464
50 62 0.028238
50 63 0.108595
50 64 0.007160
50 65 0.094599
50 66 -0.052577
50 67 -0.422129
50 68 0.052789
50 69 -0.235061
50 70 -0.524390
50 71 0.047814
50 72 0.230752
50 73 -0.066143
50 74 -0.223515
50 75 0.355832
50 76 0.093607
50 77 0.261633
50 78 -0.327308
50 79 0.110796
50 80 0.021853
50 82 0.099978
51 0 -0.308282
51 1 -1.251436
51 2 -0.030368
51 3 -0.490406
51 4 -0.283985
51 5 0.749461
51 6 -0.997210
51 7 -0.559064
51 8 0.536825
51 9 -1.621935
51 10 -0.892296
51 11 1.308441
51 12 -0.693679
51 13 -0.150355
51 14 -0.167523
51 15 -0.089684
51 16 -0.010683
51 17 -0.482882
51 18 -0.565502
51 19 0.114500
51 20 -0.086529
51 21 0.530748
51 22 -0.281661
51 23 0.054141
51 24 0.711237
51 25 -0.183546
51 26 -0.531738
51 54 0.211802
51 55 0.259874
51 56 -0.490906
51 57 -0.136762
51 58 0.053490
51 59 -0.604850
51 60 0.009497
51 61 0.251620
51 62 0.063814
51 63 0.153452
51 64 0.047077
51 65 -0.075631
51 66 -0.216626
51 67 -0.393737
51 68 -0.037475
51 69 0.097139
51 70 -0.244905
51 71 0.055066
51 72 0.093062
51 73 -0.201562
51 74 -0.262152
51 75 0.353084
51 76 -0.023070
51 77 0.329635
51 78 -0.422248
51 79 0.230094
51 80 -0.077380
51 82 0.032859
52 0 -0.097225
52 1 0.600007
52 2 -0.463600
52 3 -1.027955
52 4 0.807673
52 5 0.290812
52 6 -1.400882
52 7 1.738079
52 8 0.563489
52 9 -0.785831
52 10 -0.691838
52 11 1.835404
52 12 0.531085
52 13 0.040290
52 14 0.152079
52 15 -0.548890
52 16 0.083569
52 17 -0.523191
52 18 -0.915273
52 19 -1.362054
52 20 -0.365542
52 21 1.767621
52 22 -0.626654
52 23 1.565601
52 24 -0.057455
52 25 -1.187539
52 26 -0.415585
52 54 -0.541965
52 55 0.187823
52 56 1.162052
52 57 -0.157390
52 58 -0.223570
52 59 -0.640433
52 60 0.159094
52 61 -0.360718
52 62 0.082424
52 63 -0.131074
52 64 -0.251698
52 65 0.080752
52 66 0.319096
52 67 1.103097
52 68 -0.316933
52 69 0.161139
52 70 0.729942
52 71 -0.071307
52 72 -0.326981
52 73 -0.534881
52 74 0.258909
52 75 0.019133
52 76 -0.639778
52 77 0.094267
52 78 0.387225
52 79 0.057536
52 80 -0.127825
52 82 0.088740
53 0 -0.291199
53 1 0.682986
53 2 0.236428
53 3 -1.234745
53 4 -1.560800
53 5 0.404592
53 6 0.281466
53 7 -1.505418
53 8 0.274146
53 9 -1.286832
53 10 0.352793
53 11 -1.018609
53 12 -1.625566
53 13 0.374890
53 14 -0.647121
53 15 -0.031788
53 16 -0.885694
53 17 -0.513340
53 18 -0.131124
53 19 -0.971566
53 20 0.883532
53 21 -1.307177
53 22 -0.086974
53 23 0.169924
53 24 0.587985
53 25 0.431352
53 26 0.598729
53 54 0.285909
53 55 0.304036
53 56 -0.130969
53 57 -0.139713
53 58 -0.202676
53 59 -0.345318
53 60 -0.197125
53 61 0.634210
53 62 -0.117434
53 63 0.172369
53 64 0.175288
53 65 0.139672
53 66 -0.135160
53 67 -0.051794
53 68 -0.036073
53 69 0.427834
53 70 0.059666
53 71 -0.055572
53 72 0.548392
53 73 -0.443478
53 74 -0.269178
53 75 0.083864
53 76 -0.000147
53 77 0.573641
53 78 -0.106395
53 79 0.483679
53 80 -0.015256
53 82 0.044316
54 27 0.649131
54 28 -0.455731
54 29 -0.043485
54 30 0.194686
54 31 0.073157
54 32 0.289307
54 33 0.218360
54 34 0.092669
54 35 0.417980
54 36 0.218164
54 37 -0.179584
54 38 -0.005415
54 39 -0.087497
54 40 0.191079
54 41 0.263043
54 42 0.231608
54 43 0.214511
54 44 -0.429194
54 45 -0.281445
54 46 0.002289
54 47 0.434367
54 48 -0.121457
54 49 0.341496
54 50 0.147538
54 51 0.211802
54 52 -0.541965
54 53 0.285909
54 81 -0.223052
54 83 0.099972
55 27 0.453622
55 28 0.034883
55 29 0.333527
55 30 0.417454
55 31 0.189731
55 32 0.007510
55 33 0.317303
55 34 0.199340
55 35 0.138627
55 36 0.172601
55 37 0.034056
55 38 0.177314
55 39 0.191138
55 40 0.316648
55 41 0.306307
55 42 0.377708
55 43 -0.028318
55 44 -0.211722
55 45 -0.133552
55 46 -0.185256
55 47 0.311965
55 48 0.099577
55 49 0.452692
55 50 0.037618
55 51 0.259874
55 52 0.187823
55 53 0.304036
55 81 -0.260568
55 83 0.025767
56 27 -0.139943
56 28 -0.888091
56 29 -0.433586
56 30 -0.514460
56 31 -0.382276
56 32 -0.281708
56 33 -0.036743
56 34 -0.332824
56 35 -0.210111
56 36 -0.496877
56 37 -0.498028
56 38 -0.428038
56 39 -0.939005
56 40 -0.592680
56 41 -0.604199
56 42 -0.557733
56 43 -0.667746
56 44 -0.137960
56 45 1.128561
56 46 -0.003074
56 47 -0.204446
56 48 -0.554489
56 49 -0.294101
56 50 -0.784287
56 51 -0.490906
56 52 1.162052
56 53 -0.130969
56 81 0.578462
56 83 -0.077173
57 27 -0.207103
57 28 0.198316
57 29 -0.148766
57 30 -0.090660
57 31 0.024208
57 32 0.216579
57 33 -0.062405
57 34 -0.068351
57 35 -0.033804
57 36 -0.130067
57 37 -0.135603
57 38 -0.153668
57 39 -0.086492
57 40 -0.270906
57 41 -0.018973
57 42 -0.135284
57 43 -0.166221
57 44 0.181819
57 45 0.390924
57 46 -0.016563
57 47 -0.067466
57 48 -0.304844
57 49 -0.087912
57 50 -0.072133
57 51 -0.136762
57 52 -0.157390
57 53 -0.139713
57 81 0.118296
57 83 0.081504
58 27 -0.231993
58 28 0.008334
58 29 -0.348184
58 30 -0.049833
58 31 -0.045590
58 32 0.246914
58 33 -0.237152
58 34 -0.237386
58 35 -0.160998
58 36 -0.240105
58 37 -0.035720
58 38 -0.203044
58 39 -0.085988
58 40 -0.113614
58 41 -0.126139
58 42 -0.273178
58 43 -0.195868
58 44 0.472816
58 45 -0.356418
58 46 0.536969
58 47 -0.177415
58 48 0.200828
58 49 -0.112677
58 50 -0.019875
58 51 0.053490
58 52 -0.223570
58 53 -0.202676
58 81 0.031289
58 83 0.044568
59 27 -1.033133
59 28 -1.207896
59 29 -0.549328
59 30 -0.952890
59 31 -0.671483
59 32 0.532903
59 33 -0.666116
59 34 -0.739470
59 35 -0.752473
59 36 -1.031886
59 37 -0.786057
59 38 -1.276263
59 39 -1.057205
59 40 -0.817637
59 41 -1.155312
59 42 -1.004960
59 43 -1.312933
59 44 0.471928
59 45 0.429666
59 46 0.582881
59 47 -0.329696
59 48 -1.537821
59 49 -0.678584
59 50 -0.548850
59 51 -0.604850
59 52 -0.640433
59 53 -0.345318
59 81 0.691514
59 83 0.077521
60 27 -0.036617
60 28 -0.337196
60 29 -0.288781
60 30 -0.116260
60 31 -0.041779
60 32 -0.065548
60 33 -0.174394
60 34 -0.083961
60 35 -0.087938
60 36 -0.054382
60 37 -0.206179
60 38 -0.247475
60 39 -0.272931
60 40 -0.015029
60 41 -0.134238
60 42 -0.141189
60 43 -0.009380
60 44 -0.006671
60 45 0.072176
60 46 0.424770
60 47 -0.093620
60 48 0.177834
60 49 -0.146374
60 50 0.028535
60 51 0.009497
60 52 0.159094
60 53 -0.197125
60 81 0.174641
60 83 0.096908
61 27 0.659573
61 28 -0.376755
61 29 0.030067
61 30 0.016979
61 31 0.015811
61 32 0.239775
61 33 0.369238
61 34 0.136614
61 35 0.091082
61 36 0.079569
61 37 0.181283
61 38 -0.061856
61 39 0.406189
61 40 0.644105
61 41 0.000512
61 42 0.170378
61 43 0.155372
61 44 -0.289189
61 45 0.063552
61 46 -0.232199
61 47 0.487629
61 48 -0.122990
61 49 0.683821
61 50 0.393464
61 51 0.251620
61 52 -0.360718
61 53 0.634210
61 81 -0.359684
61 83 0.060259
62 27 0.035341
62 28 -0.202159
62 29 -0.041789
62 30 -0.059698
62 31 -0.111782
62 32 -0.026310
62 33 -0.060629
62 34 0.017091
62 35 0.014107
62 36 -0.141094
62 37 -0.108382
62 38 0.028756
62 39 -0.073623
62 40 -0.006887
62 41 -0.049644
62 42 0.013724
62 43 0.044104
62 44 0.123273
62 45 0.066702
62 46 0.128426
62 47 0.004375
62 48 0.076860
62 49 -0.134946
62 50 0.028238
62 51 0.063814
62 52 0.082424
62 53 -0.117434
62 81 0.050580
62 83 -0.075821
63 27 0.018859
63 28 -0.145592
63 29 0.065191
63 30 0.403451
63 31 -0.044013
63 32 -0.133895
63 33 0.295833
63 34 -0.142073
63 35 0.331016
63 36 -0.028399
63 37 0.088064
63 38 -0.060233
63 39 0.194263
63 40 0.332684
63 41 -0.047765
63 42 0.073702
63 43 -0.111088
63 44 -0.101774
63 45 -0.003058
63 46 0.022722
63 47 0.169259
63 48 -0.049119
63 49 -0.201469
63 50 0.108595
63 51 0.153452
63 52 -0.131074
63 53 0.172369
63 81 -0.177074
63 83 0.077396
64 27 0.216767
64 28 -0.096396
64 29 0.035025
64 30 -0.037706
64 31 -0.045390
64 32 -0.087896
64 33 0.086256
64 34 -0.082566
64 35 0.142042
64 36 0.028601
64 37 -0.075713
64 38 -0.019936
64 39 -0.064433
64 40 0.149780
64 41 -0.014576
64 42 0.012437
64 43 0.067701
64 44 0.052233
64 45 -0.007545
64 46 0.002379
64 47 0.074176
64 48 -0.019825
64 49 -0.065101
64 50 0.007160
64 51 0.047077
64 52 -0.251698
64 53 0.175288
64 81 -0.157803
64 83 0.001482
65 27 0.033817
65 28 0.019017
65 29 -0.053145
65 30 0.139933
65 31 -0.059894
65 32 -0.163887
65 33 0.001938
65 34 0.025106
65 35 -0.023780
65 36 -0.046361
65 37 0.077161
65 38 0.063871
65 39 0.110825
65 40 0.046015
65 41 0.137808
65 42 0.053183
65 43 -0.003843
65 44 -0.016026
65 45 -0.074843
65 46 -0.140870
65 47 0.090242
65 48 0.038080
65 49 0.033230
65 50 0.094599
65 51 -0.075631
65 52 0.080752
65 53 0.139672
65 81 -0.085331
65 83 0.052544
66 27 -0.321067
66 28 -0.392472
66 29 -0.363873
66 30 -0.340531
66 31 -0.061766
66 32 0.429499
66 33 -0.074160
66 34 -0.102017
66 35 -0.036316
66 36 -0.383271
66 37 0.038047
66 38 -0.004736
66 39 -0.409802
66 40 -0.340613
66 41 -0.388266
66 42 -0.301303
66 43 -0.286791
66 44 0.391086
66 45 0.451384
66 46 0.498731
66 47 -0.155631
66 48 -0.160026
66 49 -0.202209
66 50 -0.052577
66 51 -0.216626
66 52 0.319096
66 53 -0.135160
66 81 0.295244
66 83 0.000574
67 27 -0.026514
67 28 -1.044310
67 29 0.485319
67 30 -0.481877
67 31 -0.197646
67 32 -0.408224
67 33 0.135209
67 34 -0.370616
