2032
0 27 -0.911953
0 28 -0.290230
0 29 -0.297671
0 30 0.118724
0 31 -0.095177
0 32 -0.031609
0 33 -0.253573
0 34 -0.479275
0 35 1.618209
0 36 0.371448
0 37 0.031578
0 38 0.433019
0 39 1.536098
0 40 2.136808
0 41 0.848427
0 42 -0.710188
0 43 -0.290293
0 44 -0.127715
0 45 0.024731
0 46 0.251034
0 47 -1.301927
0 48 -0.594855
0 49 0.142276
0 50 0.695805
0 51 0.120913
0 52 -0.686667
0 53 0.709387
0 54 -1.322959
0 55 0.000804
0 56 0.792653
0 57 -0.500166
0 58 -0.111825
0 59 -0.316395
0 60 -0.293830
0 61 -0.037221
1 27 -0.500196
1 28 -0.185980
1 29 -0.183992
1 30 -0.014695
1 31 -0.117923
1 32 -0.131275
1 33 0.846475
1 34 0.688481
1 35 -0.003774
1 36 -1.617046
1 37 -0.043787
1 38 0.669847
1 39 -1.044449
1 40 -1.056602
1 41 -0.456160
1 42 -0.064815
1 43 0.176655
1 44 0.084278
1 45 0.698805
1 46 -1.606308
1 47 0.643368
1 48 1.621183
1 49 -0.060275
1 50 -0.535337
1 51 -0.869296
1 52 0.686122
1 53 -0.652470
1 54 0.939140
1 55 -0.006317
1 56 -0.732971
1 57 2.016041
1 58 -0.142481
1 59 0.657169
1 60 0.420111
1 61 0.288353
2 27 -1.111521
2 28 0.352807
2 29 -0.255650
2 30 0.573722
2 31 0.656122
2 32 0.572645
2 33 -1.109437
2 34 1.282352
2 35 0.057703
2 36 0.152472
2 37 -0.334748
2 38 -0.112676
2 39 -0.280579
2 40 0.509727
2 41 1.321532
2 42 0.347910
2 43 0.504760
2 44 -0.169460
2 45 0.641311
2 46 0.621941
2 47 -1.666934
2 48 1.585985
2 49 -0.390962
2 50 -1.749353
2 51 -0.126041
2 52 -0.482365
2 53 0.206976
2 54 1.731481
2 55 -0.044096
2 56 -0.852106
2 57 -0.396382
2 58 -0.041172
2 59 -0.514881
2 60 -0.551643
2 61 1.215403
3 27 3.110768
3 28 0.336384
3 29 0.187885
3 30 -0.260752
3 31 -0.101774
3 32 -0.156891
3 33 0.270096
3 34 -0.571481
3 35 1.684831
3 36 -0.448209
3 37 -0.270817
3 38 1.724867
3 39 0.508887
3 40 0.733843
3 41 -0.296023
3 42 -0.520310
3 43 -0.217812
3 44 0.012579
3 45 -0.670315
3 46 -1.464022
3 47 1.264763
3 48 -0.611226
3 49 -0.116638
3 50 0.017086
3 51 -0.203461
3 52 -0.991231
3 53 -0.895554
3 54 -0.311086
3 55 -0.445424
3 56 -0.791500
3 57 -0.141755
3 58 -0.115406
3 59 -0.070009
3 60 0.503652
3 61 -0.139105
4 27 -0.206798
4 28 -0.743191
4 29 -0.174924
4 30 -0.031336
4 31 -0.090311
4 32 0.102889
4 33 -0.177464
4 34 0.193520
4 35 2.041589
4 36 -0.787114
4 37 0.031450
4 38 2.618929
4 39 0.386636
4 40 0.077144
4 41 0.825746
4 42 -0.337624
4 43 -0.424562
4 44 -0.660571
4 45 0.055921
4 46 -0.149422
4 47 -0.605959
4 48 0.247851
4 49 -0.069395
4 50 -0.573289
4 51 -1.803337
4 52 0.614391
4 53 0.529688
4 54 1.069062
4 55 0.067336
4 56 -0.582648
4 57 -0.208942
4 58 0.133373
4 59 -0.067326
4 60 -0.726666
4 61 -0.188892
5 27 0.433028
5 28 -1.809698
5 29 -0.068009
5 30 -0.280840
5 31 0.132674
5 32 0.568851
5 33 -0.219735
5 34 0.503441
5 35 -1.675158
5 36 0.806104
5 37 0.009359
5 38 -2.082637
5 39 -0.368390
5 40 -0.015669
5 41 0.727095
5 42 0.775270
5 43 0.207284
5 44 -0.507023
5 45 0.368227
5 46 -0.492797
5 47 -0.380643
5 48 -0.641804
5 49 0.237209
5 50 0.627480
5 51 1.207453
5 52 -0.552229
5 53 -0.746366
5 54 -0.470294
5 55 -0.172692
5 56 0.983739
5 57 -1.033798
5 58 0.018915
5 59 0.071488
5 60 0.850548
5 61 0.495913
6 27 -0.010508
6 28 -0.274719
6 29 0.885063
6 30 -0.094028
6 31 0.081853
6 32 -0.186822
6 33 0.175523
6 34 0.644640
6 35 0.743069
6 36 -0.299849
6 37 0.082248
6 38 1.499774
6 39 -0.171760
6 40 0.288228
6 41 0.538266
6 42 0.167309
6 43 0.193738
6 44 -0.149748
6 45 -0.187006
6 46 0.293958
6 47 -0.585948
6 48 0.486784
6 49 -0.007317
6 50 0.408169
6 51 1.046871
6 52 -0.659031
6 53 -0.503773
6 54 0.382267
6 55 0.267480
6 56 0.473380
6 57 -0.865067
6 58 0.132883
6 59 -0.341763
6 60 -0.303238
6 61 0.316384
7 27 0.560645
7 28 0.127166
7 29 0.108244
7 30 0.874396
7 31 -0.438715
7 32 0.750377
7 33 -0.475087
7 34 -0.831407
7 35 0.424776
7 36 0.610427
7 37 0.728029
7 38 0.141685
7 39 0.197689
7 40 0.195937
7 41 -0.433151
7 42 -0.710437
7 43 -0.008632
7 44 0.427323
7 45 -0.751748
7 46 0.366870
7 47 -0.136323
7 48 1.046500
7 49 0.057730
7 50 -1.075065
7 51 -1.063597
7 52 1.200988
7 53 -0.324510
7 54 -0.688456
7 55 1.123451
7 56 -0.623052
7 57 0.814163
7 58 -0.052687
7 59 0.362036
7 60 -0.737031
7 61 -0.096540
8 27 1.118715
8 28 -0.810763
8 29 0.139713
8 30 -0.795180
8 31 -0.592429
8 32 -0.468024
8 33 0.065671
8 34 0.967145
8 35 -0.051216
8 36 -1.074004
8 37 -0.098690
8 38 -1.307575
8 39 0.779900
8 40 0.795939
8 41 2.012292
8 42 -0.631551
8 43 -0.296739
8 44 0.475126
8 45 -0.403648
8 46 -1.679546
8 47 1.534482
8 48 -1.137204
8 49 -0.057950
8 50 0.049650
8 51 -1.222642
8 52 -0.223883
8 53 -0.916072
8 54 0.695261
8 55 -0.794131
8 56 -1.102993
8 57 0.899594
8 58 -0.131990
8 59 -0.301473
8 60 0.300176
8 61 0.196160
9 27 -1.390776
9 28 0.502155
9 29 -0.379282
9 30 -0.317680
9 31 0.036690
9 32 -0.161870
9 33 -0.863573
9 34 -1.176821
9 35 2.056532
9 36 0.614159
9 37 -0.090354
9 38 3.031107
9 39 -0.042608
9 40 0.658825
9 41 -1.719536
9 42 0.419044
9 43 -0.646693
9 44 -0.882592
9 45 -0.100219
9 46 0.323370
9 47 -1.430054
9 48 1.856304
9 49 -0.085786
9 50 -0.303624
9 51 0.903055
9 52 -0.243311
9 53 0.363599
9 54 -0.260322
9 55 -0.005795
9 56 0.279746
9 57 -2.011514
9 58 0.010072
9 59 0.227829
9 60 -0.452763
9 61 -0.630055
10 27 -0.105712
10 28 -0.013331
10 29 -0.350624
10 30 0.175288
10 31 -0.082731
10 32 0.361569
10 33 -0.109639
10 34 0.693451
10 35 0.793009
10 36 -0.264532
10 37 0.073933
10 38 1.028848
10 39 -0.275135
10 40 0.112534
10 41 0.298496
10 42 -0.020340
10 43 0.104131
10 44 -0.226831
10 45 -0.908801
10 46 -0.282747
10 47 -0.625804
10 48 -0.088525
10 49 0.089026
10 50 -0.490398
10 51 0.915511
10 52 0.548720
10 53 -0.508439
10 54 0.743348
10 55 0.235385
10 56 -0.279855
10 57 0.159643
10 58 -0.261739
10 59 0.089760
10 60 -0.792974
10 61 0.408981
11 27 -0.046019
11 28 -0.592358
11 29 1.438596
11 30 0.204906
11 31 -0.042149
11 32 -0.716869
11 33 0.220826
11 34 -0.410547
11 35 0.354394
11 36 1.422255
11 37 0.691961
11 38 -0.154348
11 39 0.523746
11 40 0.444184
11 41 -0.285052
11 42 -0.123308
11 43 0.057595
11 44 0.064459
11 45 -0.233887
11 46 0.080524
11 47 -0.695039
11 48 0.648183
11 49 0.494403
11 50 0.397415
11 51 -1.236654
11 52 -0.328281
11 53 0.204559
11 54 0.379482
11 55 1.315183
11 56 -0.036469
11 57 0.227075
11 58 0.429133
11 59 -1.569830
11 60 -0.405457
11 61 -0.569730
12 27 -0.013983
12 28 -1.677950
12 29 -0.207696
12 30 -0.157552
12 31 -0.217227
12 32 -0.124820
12 33 0.153024
12 34 -1.013522
12 35 1.271877
12 36 -2.223254
12 37 0.070886
12 38 2.559135
12 39 0.266739
12 40 -0.176247
12 41 -1.860015
12 42 -0.057490
12 43 -0.782412
12 44 0.017873
12 45 -0.456664
12 46 0.410262
12 47 0.273115
12 48 2.340513
12 49 0.253839
12 50 0.468987
12 51 -1.687939
12 52 -0.288366
12 53 -1.022520
12 54 -0.505930
12 55 0.184962
12 56 0.030993
12 57 0.824388
12 58 -0.020810
12 59 -0.463542
12 60 0.281837
12 61 -0.402774
13 27 -0.630132
13 28 -0.581780
13 29 0.192083
13 30 -0.191236
13 31 0.104464
13 32 0.254019
13 33 -0.234016
13 34 0.726739
13 35 -0.664579
13 36 -0.103989
13 37 0.045658
13 38 -1.296079
13 39 -0.038941
13 40 0.399170
13 41 1.332089
13 42 0.109848
13 43 0.268614
13 44 0.502794
13 45 0.219638
13 46 -1.620644
13 47 -0.463557
13 48 -0.585689
13 49 0.225658
13 50 -0.866444
13 51 1.372386
13 52 1.149995
13 53 1.682018
13 54 0.498417
13 55 -0.161294
13 56 -0.904896
13 57 0.824346
13 58 0.099975
13 59 -0.350044
13 60 -0.194903
13 61 0.432577
14 27 1.059710
14 28 -0.361228
14 29 -0.105075
14 30 0.246443
14 31 -0.311664
14 32 0.115363
14 33 0.112802
14 34 -0.138125
14 35 0.009671
14 36 0.696275
14 37 0.242404
14 38 -0.103225
14 39 -0.244940
14 40 -0.235905
14 41 -0.900173
14 42 -0.083371
14 43 0.546921
14 44 0.112478
14 45 -0.707758
14 46 -1.356383
14 47 0.702417
14 48 1.679719
14 49 -0.258338
14 50 -0.252290
14 51 -0.008917
14 52 -1.145167
14 53 -0.039403
14 54 0.546144
14 55 0.354518
14 56 -0.765041
14 57 -0.103409
14 58 -0.076778
14 59 0.196807
14 60 0.351420
14 61 -0.120840
15 27 -1.365917
15 28 0.746037
15 29 -0.802655
15 30 0.438249
15 31 0.200912
15 32 0.217303
15 33 -2.213193
15 34 -0.311440
15 35 2.513684
15 36 -1.626969
15 37 -0.557591
15 38 1.887819
15 39 1.129568
15 40 1.253564
15 41 0.764135
15 42 1.292511
15 43 -0.543804
15 44 0.290551
15 45 0.326634
15 46 0.836115
15 47 0.414624
15 48 -1.337735
15 49 -0.376256
15 50 -0.883822
15 51 0.083038
15 52 -1.126825
15 53 -1.554896
15 54 -0.416911
15 55 -0.350420
15 56 -0.245312
15 57 0.736488
15 58 -0.241530
15 59 -0.699583
15 60 -0.571407
15 61 -0.440573
16 27 0.155230
16 28 0.225463
16 29 0.289848
16 30 -0.197121
16 31 0.244723
16 32 -0.189917
16 33 0.291918
16 34 -1.384969
16 35 1.584959
16 36 1.212451
16 37 -0.024412
16 38 -0.162325
16 39 1.053059
16 40 1.165239
16 41 -1.627892
16 42 0.080623
16 43 -0.981239
16 44 0.245945
16 45 0.654186
16 46 -1.577343
16 47 0.585749
16 48 -0.747972
16 49 -0.045525
16 50 -0.447489
16 51 0.879899
16 52 0.737552
16 53 -0.690205
16 54 -1.257341
16 55 0.044870
16 56 -0.399746
16 57 1.029003
16 58 0.114886
16 59 0.171429
16 60 0.749614
16 61 -0.976706
17 27 -0.596766
17 28 -1.283272
17 29 -0.247177
17 30 -0.107675
17 31 -0.200455
17 32 0.187017
17 33 1.868611
17 34 1.523447
17 35 0.479652
17 36 -1.617207
17 37 0.133669
17 38 0.415072
17 39 0.329743
17 40 0.407037
17 41 1.551349
17 42 -2.403810
17 43 0.254449
17 44 -0.388871
17 45 -0.368079
17 46 1.295195
17 47 -0.935513
17 48 -0.077405
17 49 -0.114100
17 50 0.390022
17 51 -0.156131
17 52 -0.897013
17 53 0.269351
17 54 1.067973
17 55 -0.006441
17 56 0.191113
17 57 -0.103800
17 58 -0.072540
17 59 0.287363
17 60 -0.738872
17 61 0.811803
18 27 0.200846
18 28 0.295898
18 29 0.253371
18 30 -0.144161
18 31 -0.264820
18 32 -0.355968
18 33 -1.120750
18 34 0.743147
18 35 0.333221
18 36 -0.722698
18 37 -0.066626
18 38 0.793015
18 39 -0.359825
18 40 -0.480216
18 41 -0.194276
18 42 1.469052
18 43 -0.006137
18 44 0.357889
18 45 -0.200972
18 46 -1.030616
18 47 1.199689
18 48 1.208640
18 49 0.069265
18 50 -0.528565
18 51 -0.643087
18 52 0.453103
18 53 -0.566075
18 54 0.847471
18 55 0.019076
18 56 -0.734420
18 57 2.127939
18 58 0.099868
18 59 -0.395955
18 60 -0.006836
18 61 0.354749
19 27 2.139833
19 28 -0.580574
19 29 0.104116
19 30 -0.244717
19 31 -0.138497
19 32 0.060991
19 33 1.823517
19 34 -0.326428
19 35 1.992272
19 36 -0.669240
19 37 0.221493
19 38 2.189749
19 39 1.103889
19 40 1.147725
19 41 -0.650041
19 42 -1.675772
19 43 -0.497357
19 44 0.399901
19 45 -0.399817
19 46 -0.683218
19 47 0.478343
19 48 -0.464560
19 49 0.104335
19 50 0.604193
19 51 -0.259858
19 52 0.653581
19 53 -0.850993
19 54 -0.332472
19 55 -0.325072
19 56 -0.411415
19 57 -0.445865
19 58 -0.110809
19 59 -0.410831
19 60 0.018013
19 61 -0.125057
20 27 0.209309
20 28 -1.089317
20 29 0.123681
20 30 0.225944
20 31 0.013148
20 32 -0.094006
20 33 -0.002319
20 34 -0.026275
20 35 -1.298657
20 36 0.657998
20 37 -0.054262
20 38 -1.488948
20 39 -0.764633
20 40 -0.364710
20 41 -0.178917
20 42 0.618173
20 43 0.176409
20 44 -0.193482
20 45 0.263408
20 46 -0.396485
20 47 0.863833
20 48 -0.847187
20 49 0.124954
20 50 0.801167
20 51 0.692662
20 52 -0.155678
20 53 -0.927097
20 54 -0.635707
20 55 0.292892
20 56 0.628298
20 57 -0.694564
20 58 0.208905
20 59 0.478904
20 60 0.754944
20 61 0.263623
21 27 -0.045178
21 28 0.468870
21 29 -0.793422
21 30 -0.303209
21 31 -0.234817
21 32 1.195190
21 33 0.075791
21 34 -1.023808
21 35 0.122529
21 36 0.447538
21 37 -0.498996
21 38 0.021962
21 39 -0.184663
21 40 -0.289850
21 41 -0.724756
21 42 -0.113457
21 43 -0.154013
21 44 0.374516
21 45 -0.324515
21 46 -0.132341
21 47 0.791630
21 48 1.109748
21 49 -0.369105
21 50 -0.939296
21 51 -0.537029
21 52 -0.220961
21 53 -0.019375
21 54 0.104426
21 55 -0.974205
21 56 -0.459937
21 57 0.671527
21 58 -0.432271
21 59 1.344715
21 60 0.376310
21 61 -0.538089
22 27 -0.906696
22 28 -0.242564
22 29 -0.339027
22 30 0.506495
22 31 0.255965
22 32 0.093722
22 33 -0.230141
22 34 0.324922
22 35 1.266921
22 36 1.381529
22 37 0.018985
22 38 1.155734
22 39 0.307052
22 40 0.487161
22 41 -0.469455
22 42 -0.014967
22 43 0.069330
22 44 -0.151886
22 45 0.112608
22 46 0.596475
22 47 -0.846725
22 48 1.207946
22 49 -0.079943
22 50 -0.271280
22 51 -0.322419
22 52 -0.164499
22 53 0.148420
22 54 0.908837
22 55 0.232105
22 56 0.228308
22 57 -0.721472
22 58 0.095390
22 59 -0.066902
22 60 -0.280933
22 61 0.681567
23 27 0.155917
23 28 0.260731
23 29 0.396462
23 30 -0.587699
23 31 0.118619
23 32 -0.668297
23 33 0.488201
23 34 -0.276345
23 35 -0.241806
23 36 0.135449
23 37 -0.464958
23 38 -0.016150
23 39 0.013226
23 40 -0.329335
23 41 -0.040250
23 42 0.734132
23 43 -0.113926
23 44 0.458011
23 45 0.254033
23 46 -0.558941
23 47 0.672718
23 48 0.541122
23 49 -0.120098
23 50 0.484758
23 51 -0.806097
23 52 -1.010318
23 53 0.416832
23 54 -0.105693
23 55 -0.733734
23 56 0.004141
23 57 0.420127
23 58 -0.205163
23 59 -0.666646
23 60 0.699253
23 61 -0.131916
24 27 -0.364659
24 28 1.211359
24 29 0.502480
24 30 0.457775
24 31 0.146056
24 32 -0.294921
24 33 0.399685
24 34 0.731898
24 35 0.878556
24 36 0.365562
24 37 0.538848
24 38 -0.896404
24 39 0.856912
24 40 1.093374
24 41 1.621376
24 42 -0.159453
24 43 0.273592
24 44 -0.012635
24 45 -0.057196
24 46 -0.465829
24 47 -0.450903
24 48 -0.930279
24 49 -0.131908
24 50 -0.657318
24 51 0.753479
24 52 0.719017
24 53 1.136636
24 54 0.256245
24 55 0.608549
24 56 -0.867244
24 57 -0.627948
24 58 0.307656
24 59 0.609028
24 60 -0.369425
24 61 0.412069
25 27 -1.620327
25 28 -0.522301
25 29 -0.011020
25 30 -0.269843
25 31 0.199233
25 32 -0.023517
25 33 -0.847593
25 34 0.223637
25 35 0.331419
25 36 -0.211362
25 37 0.074333
25 38 0.448235
25 39 0.950730
25 40 0.984115
25 41 1.247420
25 42 0.113449
25 43 -0.473308
25 44 -0.385282
25 45 0.496765
25 46 0.736292
25 47 -1.810521
25 48 -0.967115
25 49 -0.031640
25 50 0.075754
25 51 -0.184161
25 52 0.240267
25 53 -0.142331
25 54 -0.712390
25 55 0.115015
25 56 0.472713
25 57 0.398044
25 58 0.072313
25 59 -0.121434
25 60 -0.612417
25 61 -0.057372
26 27 0.718965
26 28 -0.233821
26 29 -0.055737
26 30 -0.004115
26 31 -0.047222
26 32 -0.222559
26 33 -0.389939
26 34 0.192452
26 35 -0.453149
26 36 -1.183534
26 37 0.138461
26 38 -0.133198
26 39 -0.659849
26 40 -0.491814
26 41 0.015983
26 42 -1.136509
26 43 0.140296
26 44 -0.692589
26 45 -0.397180
26 46 1.230159
26 47 -0.551269
26 48 0.681509
26 49 0.103595
26 50 0.276872
26 51 -0.394117
26 52 -0.701951
26 53 0.291038
26 54 1.219461
26 55 -0.032722
26 56 0.587662
26 57 -1.695933
26 58 0.107815
26 59 -0.700989
26 60 -0.385161
26 61 0.018801
27 0 -0.911953
27 1 -0.500196
27 2 -1.111521
27 3 3.110768
27 4 -0.206798
27 5 0.433028
27 6 -0.010508
27 7 0.560645
27 8 1.118715
27 9 -1.390776
27 10 -0.105712
27 11 -0.046019
27 12 -0.013983
27 13 -0.630132
27 14 1.059710
27 15 -1.365917
27 16 0.155230
27 17 -0.596766
27 18 0.200846
27 19 2.139833
27 20 0.209309
27 21 -0.045178
27 22 -0.906696
27 23 0.155917
27 24 -0.364659
27 25 -1.620327
27 26 0.718965
27 62 -1.135745
27 63 0.396837
28 0 -0.290230
28 1 -0.185980
28 2 0.352807
28 3 0.336384
28 4 -0.743191
28 5 -1.809698
28 6 -0.274719
28 7 0.127166
28 8 -0.810763
28 9 0.502155
28 10 -0.013331
28 11 -0.592358
28 12 -1.677950
28 13 -0.581780
28 14 -0.361228
28 15 0.746037
28 16 0.225463
28 17 -1.283272
28 18 0.295898
28 19 -0.580574
28 20 -1.089317
28 21 0.468870
28 22 -0.242564
28 23 0.260731
28 24 1.211359
28 25 -0.522301
28 26 -0.233821
28 62 -1.162367
28 63 -0.483798
29 0 -0.297671
29 1 -0.183992
29 2 -0.255650
29 3 0.187885
29 4 -0.174924
29 5 -0.068009
29 6 0.885063
29 7 0.108244
29 8 0.139713
29 9 -0.379282
29 10 -0.350624
29 11 1.438596
29 12 -0.207696
29 13 0.192083
29 14 -0.105075
29 15 -0.802655
29 16 0.289848
29 17 -0.247177
29 18 0.253371
29 19 0.104116
29 20 0.123681
29 21 -0.793422
29 22 -0.339027
29 23 0.396462
29 24 0.502480
29 25 -0.011020
29 26 -0.055737
29 62 -0.839473
29 63 -0.429036
30 0 0.118724
30 1 -0.014695
30 2 0.573722
30 3 -0.260752
30 4 -0.031336
30 5 -0.280840
30 6 -0.094028
30 7 0.874396
30 8 -0.795180
30 9 -0.317680
30 10 0.175288
30 11 0.204906
30 12 -0.157552
30 13 -0.191236
30 14 0.246443
30 15 0.438249
30 16 -0.197121
30 17 -0.107675
30 18 -0.144161
30 19 -0.244717
30 20 0.225944
30 21 -0.303209
30 22 0.506495
30 23 -0.587699
30 24 0.457775
30 25 -0.269843
30 26 -0.004115
30 62 -0.630000
30 63 -0.666135
31 0 -0.095177
31 1 -0.117923
31 2 0.656122
31 3 -0.101774
31 4 -0.090311
31 5 0.132674
31 6 0.081853
31 7 -0.438715
31 8 -0.592429
31 9 0.036690
31 10 -0.082731
31 11 -0.042149
31 12 -0.217227
31 13 0.104464
31 14 -0.311664
31 15 0.200912
31 16 0.244723
31 17 -0.200455
31 18 -0.264820
31 19 -0.138497
31 20 0.013148
31 21 -0.234817
31 22 0.255965
31 23 0.118619
31 24 0.146056
31 25 0.199233
31 26 -0.047222
31 62 -0.421128
31 63 -0.307322
32 0 -0.031609
32 1 -0.131275
32 2 0.572645
32 3 -0.156891
32 4 0.102889
32 5 0.568851
32 6 -0.186822
32 7 0.750377
32 8 -0.468024
32 9 -0.161870
32 10 0.361569
32 11 -0.716869
32 12 -0.124820
32 13 0.254019
32 14 0.115363
32 15 0.217303
32 16 -0.189917
32 17 0.187017
32 18 -0.355968
32 19 0.060991
32 20 -0.094006
32 21 1.195190
32 22 0.093722
32 23 -0.668297
32 24 -0.294921
32 25 -0.023517
32 26 -0.222559
32 62 -0.888524
32 63 -0.563019
33 0 -0.253573
33 1 0.846475
33 2 -1.109437
33 3 0.270096
33 4 -0.177464
33 5 -0.219735
33 6 0.175523
33 7 -0.475087
33 8 0.065671
33 9 -0.863573
33 10 -0.109639
33 11 0.220826
33 12 0.153024
33 13 -0.234016
33 14 0.112802
33 15 -2.213193
33 16 0.291918
33 17 1.868611
33 18 -1.120750
33 19 1.823517
33 20 -0.002319
33 21 0.075791
33 22 -0.230141
33 23 0.488201
33 24 0.399685
33 25 -0.847593
33 26 -0.389939
33 62 -1.145242
33 63 -0.161379
34 0 -0.479275
34 1 0.688481
34 2 1.282352
34 3 -0.571481
34 4 0.193520
34 5 0.503441
34 6 0.644640
34 7 -0.831407
34 8 0.967145
34 9 -1.176821
34 10 0.693451
34 11 -0.410547
34 12 -1.013522
34 13 0.726739
34 14 -0.138125
34 15 -0.311440
34 16 -1.384969
34 17 1.523447
34 18 0.743147
34 19 -0.326428
34 20 -0.026275
34 21 -1.023808
34 22 0.324922
34 23 -0.276345
34 24 0.731898
34 25 0.223637
34 26 0.192452
34 62 0.066149
34 63 0.500322
35 0 1.618209
35 1 -0.003774
35 2 0.057703
35 3 1.684831
35 4 2.041589
35 5 -1.675158
35 6 0.743069
35 7 0.424776
35 8 -0.051216
35 9 2.056532
35 10 0.793009
35 11 0.354394
35 12 1.271877
35 13 -0.664579
35 14 0.009671
35 15 2.513684
35 16 1.584959
35 17 0.479652
35 18 0.333221
35 19 1.992272
35 20 -1.298657
35 21 0.122529
35 22 1.266921
35 23 -0.241806
35 24 0.878556
35 25 0.331419
35 26 -0.453149
35 62 0.144181
35 63 2.782184
36 0 0.371448
36 1 -1.617046
36 2 0.152472
36 3 -0.448209
36 4 -0.787114
36 5 0.806104
36 6 -0.299849
36 7 0.610427
36 8 -1.074004
36 9 0.614159
36 10 -0.264532
36 11 1.422255
36 12 -2.223254
36 13 -0.103989
36 14 0.696275
36 15 -1.626969
36 16 1.212451
36 17 -1.617207
36 18 -0.722698
36 19 -0.669240
36 20 0.657998
36 21 0.447538
36 22 1.381529
36 23 0.135449
36 24 0.365562
36 25 -0.211362
36 26 -1.183534
36 62 0.825382
36 63 -0.004425
37 0 0.031578
37 1 -0.043787
37 2 -0.334748
37 3 -0.270817
37 4 0.031450
37 5 0.009359
37 6 0.082248
37 7 0.728029
37 8 -0.098690
37 9 -0.090354
37 10 0.073933
37 11 0.691961
37 12 0.070886
37 13 0.045658
37 14 0.242404
37 15 -0.557591
37 16 -0.024412
37 17 0.133669
37 18 -0.066626
37 19 0.221493
37 20 -0.054262
37 21 -0.498996
37 22 0.018985
37 23 -0.464958
37 24 0.538848
37 25 0.074333
37 26 0.138461
37 62 -0.560499
37 63 -0.314405
38 0 0.433019
38 1 0.669847
38 2 -0.112676
38 3 1.724867
38 4 2.618929
38 5 -2.082637
38 6 1.499774
38 7 0.141685
38 8 -1.307575
38 9 3.031107
38 10 1.028848
38 11 -0.154348
38 12 2.559135
38 13 -1.296079
38 14 -0.103225
38 15 1.887819
38 16 -0.162325
38 17 0.415072
38 18 0.793015
38 19 2.189749
38 20 -1.488948
38 21 0.021962
38 22 1.155734
38 23 -0.016150
38 24 -0.896404
38 25 0.448235
38 26 -0.133198
38 62 0.100919
38 63 2.152424
39 0 1.536098
39 1 -1.044449
39 2 -0.280579
39 3 0.508887
39 4 0.386636
39 5 -0.368390
39 6 -0.171760
39 7 0.197689
39 8 0.779900
39 9 -0.042608
39 10 -0.275135
39 11 0.523746
39 12 0.266739
39 13 -0.038941
39 14 -0.244940
39 15 1.129568
39 16 1.053059
39 17 0.329743
39 18 -0.359825
39 19 1.103889
39 20 -0.764633
39 21 -0.184663
39 22 0.307052
39 23 0.013226
39 24 0.856912
39 25 0.950730
39 26 -0.659849
39 62 0.080997
39 63 1.003276
40 0 2.136808
40 1 -1.056602
40 2 0.509727
40 3 0.733843
40 4 0.077144
40 5 -0.015669
40 6 0.288228
40 7 0.195937
40 8 0.795939
40 9 0.658825
40 10 0.112534
40 11 0.444184
40 12 -0.176247
40 13 0.399170
40 14 -0.235905
40 15 1.253564
40 16 1.165239
40 17 0.407037
40 18 -0.480216
40 19 1.147725
40 20 -0.364710
40 21 -0.289850
40 22 0.487161
40 23 -0.329335
40 24 1.093374
40 25 0.984115
40 26 -0.491814
40 62 0.054440
40 63 1.572845
41 0 0.848427
41 1 -0.456160
41 2 1.321532
41 3 -0.296023
41 4 0.825746
41 5 0.727095
41 6 0.538266
41 7 -0.433151
41 8 2.012292
41 9 -1.719536
41 10 0.298496
41 11 -0.285052
41 12 -1.860015
41 13 1.332089
41 14 -0.900173
41 15 0.764135
41 16 -1.627892
41 17 1.551349
41 18 -0.194276
41 19 -0.650041
41 20 -0.178917
41 21 -0.724756
41 22 -0.469455
41 23 -0.040250
41 24 1.621376
41 25 1.247420
41 26 0.015983
41 62 0.121062
41 63 0.477950
42 0 -0.710188
42 1 -0.064815
42 2 0.347910
42 3 -0.520310
42 4 -0.337624
42 5 0.775270
42 6 0.167309
42 7 -0.710437
42 8 -0.631551
42 9 0.419044
42 10 -0.020340
42 11 -0.123308
42 12 -0.057490
42 13 0.109848
42 14 -0.083371
42 15 1.292511
42 16 0.080623
42 17 -2.403810
42 18 1.469052
42 19 -1.675772
42 20 0.618173
42 21 -0.113457
42 22 -0.014967
42 23 0.734132
42 24 -0.159453
42 25 0.113449
42 26 -1.136509
42 62 -0.799421
42 63 -0.188006
43 0 -0.290293
43 1 0.176655
43 2 0.504760
43 3 -0.217812
43 4 -0.424562
43 5 0.207284
43 6 0.193738
43 7 -0.008632
43 8 -0.296739
43 9 -0.646693
43 10 0.104131
43 11 0.057595
43 12 -0.782412
43 13 0.268614
43 14 0.546921
43 15 -0.543804
43 16 -0.981239
43 17 0.254449
43 18 -0.006137
43 19 -0.497357
43 20 0.176409
43 21 -0.154013
43 22 0.069330
43 23 -0.113926
43 24 0.273592
43 25 -0.473308
43 26 0.140296
43 62 -0.172452
43 63 -0.825061
44 0 -0.127715
44 1 0.084278
44 2 -0.169460
44 3 0.012579
44 4 -0.660571
44 5 -0.507023
44 6 -0.149748
44 7 0.427323
44 8 0.475126
44 9 -0.882592
44 10 -0.226831
44 11 0.064459
44 12 0.017873
44 13 0.502794
44 14 0.112478
44 15 0.290551
44 16 0.245945
44 17 -0.388871
44 18 0.357889
44 19 0.399901
44 20 -0.193482
44 21 0.374516
44 22 -0.151886
44 23 0.458011
44 24 -0.012635
44 25 -0.385282
44 26 -0.692589
44 62 -0.726898
44 63 -0.131477
45 0 0.024731
45 1 0.698805
45 2 0.641311
45 3 -0.670315
45 4 0.055921
45 5 0.368227
45 6 -0.187006
45 7 -0.751748
45 8 -0.403648
45 9 -0.100219
45 10 -0.908801
45 11 -0.233887
45 12 -0.456664
45 13 0.219638
45 14 -0.707758
45 15 0.326634
45 16 0.654186
45 17 -0.368079
45 18 -0.200972
45 19 -0.399817
45 20 0.263408
45 21 -0.324515
45 22 0.112608
45 23 0.254033
45 24 -0.057196
45 25 0.496765
45 26 -0.397180
45 62 -0.841372
45 63 -0.441086
46 0 0.251034
46 1 -1.606308
46 2 0.621941
46 3 -1.464022
46 4 -0.149422
46 5 -0.492797
46 6 0.293958
46 7 0.366870
46 8 -1.679546
46 9 0.323370
46 10 -0.282747
46 11 0.080524
46 12 0.410262
46 13 -1.620644
46 14 -1.356383
46 15 0.836115
46 16 -1.577343
46 17 1.295195
46 18 -1.030616
46 19 -0.683218
46 20 -0.396485
46 21 -0.132341
46 22 0.596475
46 23 -0.558941
46 24 -0.465829
46 25 0.736292
46 26 1.230159
46 62 -1.679017
46 63 -1.098492
47 0 -1.301927
47 1 0.643368
47 2 -1.666934
47 3 1.264763
47 4 -0.605959
47 5 -0.380643
47 6 -0.585948
47 7 -0.136323
47 8 1.534482
47 9 -1.430054
47 10 -0.625804
47 11 -0.695039
47 12 0.273115
47 13 -0.463557
47 14 0.702417
47 15 0.414624
47 16 0.585749
47 17 -0.935513
47 18 1.199689
47 19 0.478343
47 20 0.863833
47 21 0.791630
47 22 -0.846725
47 23 0.672718
47 24 -0.450903
47 25 -1.810521
47 26 -0.551269
47 62 -1.414182
47 63 0.324758
48 0 -0.594855
48 1 1.621183
48 2 1.585985
48 3 -0.611226
48 4 0.247851
48 5 -0.641804
48 6 0.486784
48 7 1.046500
48 8 -1.137204
48 9 1.856304
48 10 -0.088525
48 11 0.648183
48 12 2.340513
48 13 -0.585689
48 14 1.679719
48 15 -1.337735
48 16 -0.747972
48 17 -0.077405
48 18 1.208640
48 19 -0.464560
48 20 -0.847187
48 21 1.109748
48 22 1.207946
48 23 0.541122
48 24 -0.930279
48 25 -0.967115
48 26 0.681509
48 62 0.336566
48 63 1.736503
49 0 0.142276
49 1 -0.060275
49 2 -0.390962
49 3 -0.116638
49 4 -0.069395
49 5 0.237209
49 6 -0.007317
49 7 0.057730
49 8 -0.057950
49 9 -0.085786
49 10 0.089026
49 11 0.494403
49 12 0.253839
49 13 0.225658
49 14 -0.258338
49 15 -0.376256
49 16 -0.045525
49 17 -0.114100
49 18 0.069265
49 19 0.104335
49 20 0.124954
49 21 -0.369105
49 22 -0.079943
49 23 -0.120098
49 24 -0.131908
49 25 -0.031640
49 26 0.103595
49 62 -0.348080
49 63 -0.148796
50 0 0.695805
50 1 -0.535337
50 2 -1.749353
50 3 0.017086
50 4 -0.573289
50 5 0.627480
50 6 0.408169
50 7 -1.075065
50 8 0.049650
50 9 -0.303624
50 10 -0.490398
50 11 0.397415
50 12 0.468987
50 13 -0.866444
50 14 -0.252290
50 15 -0.883822
50 16 -0.447489
50 17 0.390022
50 18 -0.528565
50 19 0.604193
50 20 0.801167
50 21 -0.939296
50 22 -0.271280
50 23 0.484758
50 24 -0.657318
50 25 0.075754
50 26 0.276872
50 62 -1.710509
50 63 -0.336124
51 0 0.120913
51 1 -0.869296
51 2 -0.126041
51 3 -0.203461
51 4 -1.803337
51 5 1.207453
51 6 1.046871
51 7 -1.063597
51 8 -1.222642
51 9 0.903055
51 10 0.915511
51 11 -1.236654
51 12 -1.687939
51 13 1.372386
51 14 -0.008917
51 15 0.083038
51 16 0.879899
51 17 -0.156131
51 18 -0.643087
51 19 -0.259858
51 20 0.692662
51 21 -0.537029
51 22 -0.322419
51 23 -0.806097
51 24 0.753479
51 25 -0.184161
51 26 -0.394117
51 62 1.211921
51 63 -1.545239
52 0 -0.686667
52 1 0.686122
52 2 -0.482365
52 3 -0.991231
52 4 0.614391
52 5 -0.552229
52 6 -0.659031
52 7 1.200988
52 8 -0.223883
52 9 -0.243311
52 10 0.548720
52 11 -0.328281
52 12 -0.288366
52 13 1.149995
52 14 -1.145167
52 15 -1.126825
52 16 0.737552
52 17 -0.897013
52 18 0.453103
52 19 0.653581
52 20 -0.155678
52 21 -0.220961
52 22 -0.164499
52 23 -1.010318
52 24 0.719017
52 25 0.240267
52 26 -0.701951
52 62 -1.312310
52 63 -0.440491
53 0 0.709387
53 1 -0.652470
53 2 0.206976
53 3 -0.895554
53 4 0.529688
53 5 -0.746366
53 6 -0.503773
53 7 -0.324510
53 8 -0.916072
53 9 0.363599
53 10 -0.508439
53 11 0.204559
53 12 -1.022520
53 13 1.682018
53 14 -0.039403
53 15 -1.554896
53 16 -0.690205
53 17 0.269351
53 18 -0.566075
53 19 -0.850993
53 20 -0.927097
53 21 -0.019375
53 22 0.148420
53 23 0.416832
53 24 1.136636
53 25 -0.142331
53 26 0.291038
53 62 -1.211259
53 63 -0.729858
54 0 -1.322959
54 1 0.939140
54 2 1.731481
54 3 -0.311086
54 4 1.069062
54 5 -0.470294
54 6 0.382267
54 7 -0.688456
54 8 0.695261
54 9 -0.260322
54 10 0.743348
54 11 0.379482
54 12 -0.505930
54 13 0.498417
54 14 0.546144
54 15 -0.416911
54 16 -1.257341
54 17 1.067973
54 18 0.847471
54 19 -0.332472
54 20 -0.635707
54 21 0.104426
54 22 0.908837
54 23 -0.105693
54 24 0.256245
54 25 -0.712390
54 26 1.219461
54 62 0.031453
54 63 1.183779
55 0 0.000804
55 1 -0.006317
55 2 -0.044096
55 3 -0.445424
55 4 0.067336
55 5 -0.172692
55 6 0.267480
55 7 1.123451
55 8 -0.794131
55 9 -0.005795
55 10 0.235385
55 11 1.315183
55 12 0.184962
55 13 -0.161294
55 14 0.354518
55 15 -0.350420
55 16 0.044870
55 17 -0.006441
55 18 0.019076
55 19 -0.325072
55 20 0.292892
55 21 -0.974205
55 22 0.232105
55 23 -0.733734
55 24 0.608549
55 25 0.115015
55 26 -0.032722
55 62 -0.999172
55 63 -0.875041
56 0 0.792653
56 1 -0.732971
56 2 -0.852106
56 3 -0.791500
56 4 -0.582648
56 5 0.983739
56 6 0.473380
56 7 -0.623052
56 8 -1.102993
56 9 0.279746
56 10 -0.279855
56 11 -0.036469
56 12 0.030993
56 13 -0.904896
56 14 -0.765041
56 15 -0.245312
56 16 -0.399746
56 17 0.191113
56 18 -0.734420
56 19 -0.411415
56 20 0.628298
56 21 -0.459937
56 22 0.228308
56 23 0.004141
56 24 -0.867244
56 25 0.472713
56 26 0.587662
56 62 -0.988972
56 63 -0.702017
57 0 -0.500166
57 1 2.016041
57 2 -0.396382
57 3 -0.141755
57 4 -0.208942
57 5 -1.033798
57 6 -0.865067
57 7 0.814163
57 8 0.899594
57 9 -2.011514
57 10 0.159643
57 11 0.227075
57 12 0.824388
57 13 0.824346
57 14 -0.103409
57 15 0.736488
57 16 1.029003
57 17 -0.103800
57 18 2.127939
57 19 -0.445865
57 20 -0.694564
57 21 0.671527
57 22 -0.721472
57 23 0.420127
57 24 -0.627948
57 25 0.398044
57 26 -1.695933
57 62 -1.447186
57 63 -0.892023
58 0 -0.111825
58 1 -0.142481
58 2 -0.041172
58 3 -0.115406
58 4 0.133373
58 5 0.018915
58 6 0.132883
58 7 -0.052687
58 8 -0.131990
58 9 0.010072
58 10 -0.261739
58 11 0.429133
58 12 -0.020810
58 13 0.099975
58 14 -0.076778
58 15 -0.241530
58 16 0.114886
58 17 -0.072540
58 18 0.099868
58 19 -0.110809
58 20 0.208905
58 21 -0.432271
58 22 0.095390
58 23 -0.205163
58 24 0.307656
58 25 0.072313
58 26 0.107815
58 62 -0.330542
58 63 -0.199588
59 0 -0.316395
59 1 0.657169
59 2 -0.514881
59 3 -0.070009
59 4 -0.067326
59 5 0.071488
59 6 -0.341763
59 7 0.362036
59 8 -0.301473
59 9 0.227829
59 10 0.089760
59 11 -1.569830
59 12 -0.463542
59 13 -0.350044
59 14 0.196807
59 15 -0.699583
59 16 0.171429
59 17 0.287363
59 18 -0.395955
59 19 -0.410831
59 20 0.478904
59 21 1.344715
59 22 -0.066902
59 23 -0.666646
59 24 0.609028
59 25 -0.121434
59 26 -0.700989
59 62 -0.960813
59 63 -0.123796
60 0 -0.293830
60 1 0.420111
60 2 -0.551643
60 3 0.503652
60 4 -0.726666
60 5 0.850548
60 6 -0.303238
60 7 -0.737031
60 8 0.300176
60 9 -0.452763
60 10 -0.792974
60 11 -0.405457
60 12 0.281837
60 13 -0.194903
60 14 0.351420
60 15 -0.571407
60 16 0.749614
60 17 -0.738872
60 18 -0.006836
60 19 0.018013
60 20 0.754944
60 21 0.376310
60 22 -0.280933
60 23 0.699253
60 24 -0.369425
60 25 -0.612417
60 26 -0.385161
60 62 -1.003014
60 63 -0.006617
61 0 -0.037221
61 1 0.288353
61 2 1.215403
61 3 -0.139105
61 4 -0.188892
61 5 0.495913
61 6 0.316384
61 7 -0.096540
61 8 0.196160
61 9 -0.630055
61 10 0.408981
61 11 -0.569730
61 12 -0.402774
61 13 0.432577
61 14 -0.120840
61 15 -0.440573
61 16 -0.976706
61 17 0.811803
61 18 0.354749
61 19 -0.125057
61 20 0.263623
61 21 -0.538089
61 22 0.681567
61 23 -0.131916
61 24 0.412069
61 25 -0.057372
61 26 0.018801
61 62 -0.004354
61 63 0.470539
62 27 -1.135745
62 28 -1.162367
62 29 -0.839473
62 30 -0.630000
62 31 -0.421128
62 32 -0.888524
62 33 -1.145242
62 34 0.066149
62 35 0.144181
62 36 0.825382
62 37 -0.560499
62 38 0.100919
62 39 0.080997
62 40 0.054440
62 41 0.121062
62 42 -0.799421
62 43 -0.172452
62 44 -0.726898
62 45 -0.841372
62 46 -1.679017
62 47 -1.414182
62 48 0.336566
62 49 -0.348080
62 50 -1.710509
62 51 1.211921
62 52 -1.312310
62 53 -1.211259
62 54 0.031453
62 55 -0.999172
62 56 -0.988972
62 57 -1.447186
62 58 -0.330542
62 59 -0.960813
62 60 -1.003014
62 61 -0.004354
62 64 -1.266106
63 27 0.396837
63 28 -0.483798
63 29 -0.429036
63 30 -0.666135
63 31 -0.307322
63 32 -0.563019
63 33 -0.161379
63 34 0.500322
63 35 2.782184
63 36 -0.004425
63 37 -0.314405
63 38 2.152424
63 39 1.003276
63 40 1.572845
63 41 0.477950
63 42 -0.188006
63 43 -0.825061
63 44 -0.131477
63 45 -0.441086
63 46 -1.098492
63 47 0.324758
63 48 1.736503
63 49 -0.148796
63 50 -0.336124
63 51 -1.545239
63 52 -0.440491
63 53 -0.729858
63 54 1.183779
63 55 -0.875041
63 56 -0.702017
63 57 -0.892023
63 58 -0.199588
63 59 -0.123796
63 60 -0.006617
63 61 0.470539
64 62 -1.266106
